0
0
0
0
0
0
0
0
0
0
0
0
0
0
0
0
223
223
223
223
223
223
0
0
0
0
0
0
0
0
0
0
115
103
190
178
184
186
180
183
174
176
182
170
177
170
164
162
179
175
185
174
181
174
182
174
175
174
176
166
169
164
164
152
175
169
171
163
174
174
174
162
161
167
167
158
164
157
158
149
167
172
180
175
176
175
173
177
169
171
174
163
161
161
161
163
175
166
176
175
173
173
171
164
176
176
173
167
174
174
164
162
178
179
184
178
186
179
181
175
183
173
179
174
175
173
165
171
0
0
0
0
0
0
0
0
0
0
0
0
0
0
0
0
0
174
177
177
178
119
149
171
169
168
174
153
160
157
165
154
147
164
168
173
165
161
189
167
158
163
163
127
152
148
120
155
156
143
168
144
176
157
175
173
175
164
176
168
170
172
160
163
173
175
177
172
171
172
172
172
147
166
154
150
147
180
132
136
178
183
156
172
165
148
165
154
182
123
165
169
188
175
156
151
180
176
166
158
183
164
157
164
183
182
171
184
150
151
141
0
187
178
193
179
193
185
188
192
192
184
189
191
182
193
194
0
0
0
0
0
0
0
0
0
0
0
0
0
0
0
0
0
183
180
182
176
183
178
177
180
178
174
175
173
175
173
168
169
179
166
173
172
174
169
173
173
163
168
161
160
164
160
161
156
177
174
176
175
175
173
180
174
175
164
175
162
162
155
161
138
178
177
177
173
164
173
175
176
183
169
169
169
170
163
161
156
167
142
146
161
171
171
164
162
169
175
175
161
156
158
160
157
155
158
159
156
157
149
161
158
157
152
156
148
153
153
150
152
177
182
175
167
182
161
169
156
128
132
145
143
141
133
150
149
0
0
0
0
0
0
0
0
0
0
0
0
0
0
0
0
207
186
205
182
176
189
220
199
161
173
156
157
160
153
162
166
0
75
135
85
134
120
0
0
0
0
0
0
0
0
0
0
128
123
121
115
134
119
136
124
132
124
122
118
122
116
118
116
126
131
135
124
134
129
133
117
114
121
121
125
127
117
121
107
154
136
142
133
131
135
125
124
123
117
125
121
119
124
120
118
140
140
143
134
139
130
136
137
147
139
137
132
128
129
136
122
152
147
150
142
142
132
142
137
130
115
127
120
124
121
136
124
0
0
0
0
0
0
0
0
0
0
0
0
0
0
0
0
170
158
157
158
163
170
158
156
158
155
156
153
150
155
159
131
150
149
154
148
142
154
154
140
140
131
141
141
130
125
130
124
156
146
149
142
152
147
156
142
145
139
138
141
143
137
139
134
142
142
145
139
129
127
142
122
135
141
124
122
119
121
123
120
143
138
141
133
139
132
133
137
127
138
123
131
125
119
124
129
149
142
149
144
139
129
153
136
128
141
128
120
135
145
121
136
157
102
143
114
158
137
118
123
158
125
139
134
122
150
117
36
0
0
0
0
0
0
0
0
0
0
0
0
0
0
0
0
174
160
161
167
165
163
173
157
160
162
164
156
157
164
177
-205
145
154
161
153
156
154
160
153
153
158
156
149
142
139
144
140
172
172
175
158
175
156
172
158
180
158
161
154
161
157
150
153
176
157
160
157
157
151
174
156
155
154
159
176
142
145
148
135
158
155
159
157
167
160
161
166
156
156
157
169
156
142
142
137
154
154
155
154
158
155
160
158
151
156
144
146
140
140
149
140
170
163
161
157
158
156
160
145
144
150
151
147
160
146
153
143
0
0
0
0
0
0
0
0
0
0
0
0
0
0
0
0
0
0
0
0
0
0
161
146
146
135
134
118
117
108
107
110
114
114
0
104
115
0
97
111
111
132
113
109
109
91
101
98
0
0
0
0
0
0
0
0
0
0
0
0
0
0
0
0
0
0
0
0
0
0
0
0
0
0
0
0
0
0
0
0
0
0
0
