0
0
0
0
0
0
0
0
0
0
0
0
0
0
0
0
0
66
83
94
115
133
0
0
0
0
0
0
0
0
0
0
121
114
115
114
118
119
115
120
114
116
117
109
118
114
113
107
121
117
125
116
123
116
123
117
118
116
119
114
116
115
108
97
117
115
115
105
116
116
115
104
106
111
113
101
107
100
105
98
106
105
116
102
107
100
102
106
98
96
100
87
89
86
88
92
103
97
102
100
98
94
98
91
101
97
96
99
102
98
98
94
108
112
116
109
118
117
108
101
114
99
111
104
105
106
104
99
0
0
0
0
0
0
0
0
0
0
0
0
0
0
0
0
0
108
111
104
115
107
102
97
98
98
90
90
90
87
101
93
98
98
99
98
99
99
98
95
89
86
90
88
84
85
100
90
109
103
104
101
109
93
103
99
93
74
96
91
83
85
84
81
102
105
102
101
99
99
97
98
88
87
97
81
84
87
83
86
117
103
104
103
108
100
105
102
102
97
100
97
88
94
75
61
117
90
81
93
79
63
90
72
80
103
96
86
55
98
63
-10
137
129
140
133
139
135
136
137
136
134
134
134
125
133
133
-289
0
0
0
0
0
0
0
0
0
0
0
0
0
0
0
0
136
133
136
127
136
133
129
136
134
127
129
120
122
120
121
117
124
113
118
115
118
116
117
118
115
116
114
111
116
115
116
106
124
115
121
119
118
115
126
117
119
109
118
108
108
99
108
84
123
118
120
120
123
125
129
125
126
118
116
117
119
116
114
107
120
116
119
118
125
122
123
116
117
116
114
107
110
108
106
102
106
111
104
102
109
101
109
104
103
99
105
104
108
112
108
110
126
120
123
117
118
116
122
115
116
114
120
108
113
99
104
100
0
0
0
0
0
0
0
0
0
0
0
0
0
0
0
0
135
131
89
105
91
98
124
131
117
112
95
106
120
113
110
111
0
0
0
0
0
0
0
0
0
257
275
272
281
0
277
278
290
279
290
273
291
290
291
275
284
290
282
273
277
274
273
271
292
292
291
276
291
282
290
275
282
291
290
279
279
280
283
272
294
285
291
275
282
281
279
274
286
283
279
281
275
273
276
271
292
291
291
277
291
286
285
279
291
285
291
282
293
292
293
280
291
290
291
278
285
279
285
275
282
277
286
278
286
281
279
275
0
0
0
0
0
0
0
0
0
0
0
0
0
0
0
0
313
313
314
311
312
306
311
297
311
312
311
296
301
310
313
292
299
293
299
292
302
296
311
293
290
294
301
310
293
303
304
293
0
311
306
299
309
300
308
294
297
293
311
296
304
293
295
286
295
303
304
297
304
306
313
299
303
310
301
293
297
300
295
293
304
307
311
296
309
300
314
306
312
307
310
308
297
324
332
324
319
337
333
310
339
338
313
344
334
335
326
350
332
327
355
320
356
352
352
356
369
342
354
360
353
305
344
342
352
352
0
0
0
0
0
0
0
0
0
0
0
0
0
0
0
0
0
0
0
0
0
0
0
0
0
0
0
0
0
0
0
0
0
0
0
0
0
0
0
0
0
0
0
0
0
0
0
0
0
0
0
0
0
0
0
0
0
0
0
0
0
0
0
0
0
0
0
0
0
0
0
0
0
0
0
0
0
0
0
0
0
0
0
0
0
0
0
0
0
0
0
0
0
0
0
0
0
0
0
0
0
0
0
0
0
0
0
0
0
0
0
0
0
0
0
0
0
0
0
0
0
0
0
0
0
0
0
0
0
0
0
0
0
0
0
0
0
0
0
0
0
0
0
0
0
0
0
0
0
0
0
0
0
0
0
0
0
0
0
0
0
0
0
0
0
0
0
0
0
0
0
0
0
0
0
0
0
0
0
0
0
0
0
0
0
0
0
0
0
0
0
0
0
0
0
0
0
0
0
0
0
0
0
0
0
0
0
0
0
0
0
0
0
