0
-1318
0
0
0
0
0
0
0
0
0
0
0
0
0
0
354
396
408
404
417
408
400
0
0
0
0
0
0
0
0
400
405
395
397
397
401
404
396
403
396
399
400
393
404
396
395
393
382
378
384
374
380
374
378
377
375
374
379
378
374
371
369
353
404
398
398
396
399
401
401
395
398
398
399
391
399
391
393
386
404
401
405
395
402
395
402
401
397
393
394
388
386
384
385
387
399
389
399
399
397
389
393
393
397
394
396
393
397
392
389
389
403
402
404
401
407
405
401
395
405
392
400
396
396
396
392
386
0
-1518
0
0
0
0
0
0
0
0
0
0
0
0
0
0
420
415
410
419
419
415
415
414
414
415
413
412
407
409
406
404
389
389
390
392
390
394
389
390
383
386
387
382
380
382
388
384
400
394
396
391
400
391
402
398
394
380
393
393
387
386
384
382
400
401
399
396
399
396
394
394
386
385
394
384
381
388
377
382
404
393
396
393
400
390
397
396
390
388
388
383
386
386
382
375
395
397
388
393
392
386
391
388
392
385
389
378
388
382
370
329
418
411
420
410
420
415
416
419
416
413
414
414
408
412
416
217
0
-1526
0
0
0
0
0
0
0
0
0
0
0
0
0
0
418
413
418
409
417
411
409
415
411
408
410
403
407
405
405
402
407
394
401
398
401
400
401
402
401
402
398
397
400
399
401
392
407
398
403
403
403
397
411
402
405
397
403
395
398
391
397
373
412
406
406
404
404
406
406
403
407
399
401
399
401
398
395
393
408
400
404
402
407
406
406
402
400
400
397
396
399
398
392
390
396
397
395
394
398
393
398
397
399
394
396
398
401
395
396
394
408
401
404
396
400
397
404
399
399
395
405
394
399
386
397
391
0
-1532
0
0
0
0
0
0
0
0
0
0
0
0
0
0
423
408
408
406
407
404
407
407
400
402
400
391
399
394
389
391
0
0
0
0
0
0
0
0
508
526
523
512
524
515
514
512
524
521
526
513
529
527
530
520
529
529
526
516
524
520
522
513
538
541
540
532
538
532
532
522
533
531
532
516
531
529
523
514
544
533
536
525
532
532
527
523
533
533
529
530
527
525
524
515
536
535
538
527
535
533
534
525
541
531
533
530
543
539
539
528
540
534
534
527
535
531
534
527
534
530
534
532
534
532
531
528
0
-1497
0
0
0
0
0
0
0
0
0
0
0
0
0
0
574
571
573
562
572
563
570
558
569
569
568
557
560
564
565
549
559
556
561
546
565
557
561
551
562
556
560
561
563
560
562
544
570
564
565
555
567
564
565
547
568
559
571
557
563
558
561
547
561
560
556
551
560
562
566
556
563
565
557
548
559
556
553
544
565
562
565
555
566
558
568
560
566
568
564
554
560
558
556
551
554
560
563
552
560
552
570
552
562
569
564
558
566
559
565
555
579
571
565
565
572
564
565
557
564
558
564
564
571
544
0
0
0
-1505
0
0
0
0
0
0
0
0
0
0
0
0
0
0
0
0
0
0
0
0
0
0
0
0
0
0
0
0
0
0
0
0
0
0
0
0
0
0
0
0
0
0
0
0
0
0
0
0
0
0
0
0
0
0
0
0
0
0
0
0
0
0
0
0
0
0
0
0
0
0
0
0
0
0
0
0
0
0
0
0
0
0
0
0
0
0
0
0
0
0
0
0
0
0
0
0
0
0
0
0
0
0
0
0
0
0
0
0
0
0
0
0
0
0
0
0
0
0
0
0
0
0
0
0
0
0
0
-1501
0
0
0
0
0
0
0
0
0
0
0
0
0
0
0
0
0
0
0
0
0
0
0
0
0
0
0
0
0
0
0
0
0
0
0
0
0
0
0
0
0
0
0
0
0
0
0
0
0
0
0
0
0
0
0
0
0
0
0
0
0
0
0
0
0
0
0
0
0
0
0
0
0
0
0
0
0
0
0
0
0
0
0
0
0
0
0
0
0
0
0
0
0
0
0
0
0
0
0
0
0
0
0
0
0
0
0
0
0
0
0
0
0
0
0
0
0
0
0
0
0
0
0
0
0
0
