-1
-2876
-1
-1
-1
-1
-1
-1
-1
-955
-897
-930
-896
-1
-1
-1
-1
-1
-1
-1
-1
-1
-1
-1
-1
-1
-1
-1
-1
-1
-1
-1
-120
-120
-120
-120
-120
-120
-120
-120
-120
-120
-120
-120
-120
-120
-120
-120
-120
-120
-120
-120
-120
-120
-120
-120
-120
-120
-120
-120
-120
-120
-120
-120
-118
-126
-127
-128
-120
-123
-127
-125
-134
-132
-127
-140
-133
-137
-133
-136
-117
-126
-120
-125
-126
-122
-127
-122
-133
-133
-128
-131
-138
-144
-138
-139
-127
-129
-123
-128
-124
-126
-128
-133
-125
-124
-127
-135
-132
-135
-124
-132
-80
-83
-80
-86
-83
-88
-91
-94
-90
-98
-97
-100
-92
-102
-97
-103
-1
-3463
-1
-1
-1
-1
-1
-1
-1
-1
-1
-1
-1
-1
-1
-1
-701
-711
-708
-709
-712
-705
-717
-709
-711
-714
-720
-727
-716
-723
-724
-728
-720
-720
-720
-720
-720
-720
-720
-720
-720
-720
-720
-720
-720
-720
-720
-720
-720
-720
-720
-720
-720
-720
-720
-720
-718
-718
-719
-737
-719
-725
-719
-735
-710
-710
-710
-710
-710
-710
-710
-710
-710
-710
-710
-710
-710
-710
-710
-710
-699
-714
-710
-710
-706
-707
-711
-707
-714
-715
-716
-718
-717
-720
-719
-726
-784
-731
-719
-717
-713
-718
-879
-1
-1
-1
-1
-1
-1
-1
-1
-1
-1
-1
-1
-1
-1
-1
-1
-1
-1
-1
-1
-1
-1
-1
-1
-1
-1
-2872
-1
-1
-1
-1
-1
-1
-1
-1
-1
-1
-1
-1
-1
-1
-130
-130
-130
-130
-130
-130
-130
-130
-130
-130
-130
-130
-130
-130
-130
-130
-130
-130
-130
-133
-121
-131
-124
-131
-126
-130
-122
-126
-129
-126
-131
-132
-97
-111
-105
-107
-99
-103
-103
-105
-106
-110
-105
-114
-112
-110
-107
-128
-115
-122
-114
-119
-115
-119
-113
-122
-115
-120
-120
-122
-121
-121
-122
-116
-111
-118
-116
-112
-119
-117
-108
-118
-115
-125
-119
-129
-126
-127
-134
-132
-111
-124
-114
-115
-115
-115
-115
-114
-116
-117
-115
-123
-122
-123
-123
-125
-109
-116
-110
-119
-108
-114
-112
-115
-115
-117
-115
-120
-116
-121
-116
-125
-1
-2874
-1
-1
-1
-1
-1
-1
-1
-1
-1
-1
-1
-1
-1
-1
-106
-110
-104
-111
-104
-110
-108
-106
-112
-113
-115
-112
-122
-114
-115
-120
-120
-120
-120
-120
-120
-120
-120
-120
-120
-120
-120
-120
-120
-120
-120
-120
-120
-120
-120
-120
-120
-120
-120
-120
-120
-120
-120
-120
-120
-120
-120
-120
-123
-121
-120
-131
-127
-127
-129
-130
-134
-129
-139
-136
-132
-136
-135
-135
-116
-122
-124
-120
-126
-122
-120
-135
-128
-129
-134
-129
-132
-140
-131
-141
-124
-123
-123
-126
-118
-118
-112
-120
-117
-129
-124
-122
-124
-129
-132
-138
-121
-118
-117
-124
-121
-122
-115
-126
-122
-135
-124
-123
-127
-126
-134
-132
-1
-2875
-1
-1
-1
-1
-1
-1
-1
-1
-1
-1
-1
-1
-1
-1
-115
-120
-114
-119
-112
-126
-128
-124
-123
-127
-126
-130
-138
-133
-129
-139
-130
-137
-132
-137
-133
-137
-129
-141
-133
-139
-136
-133
-134
-139
-137
-142
-122
-128
-122
-130
-128
-130
-124
-129
-128
-132
-128
-128
-130
-133
-128
-142
-126
-138
-130
-141
-134
-137
-129
-139
-137
-136
-145
-145
-149
-146
-148
-152
-140
-135
-131
-141
-135
-139
-125
-134
-142
-133
-146
-150
-149
-154
-151
-164
-133
-141
-135
-133
-128
-138
-127
-136
-136
-132
-138
-146
-143
-149
-146
-144
-210
-135
-122
-118
-113
-119
-968
-1
-1
-1
-1
-1
-1
-1
-1
-1
-1
-2876
-1
-1
-1
-1
-1
-1
-1
-1
-1
-1
-1
-1
-1
-1
-110
-109
-108
-107
-106
-112
-120
-128
-137
-123
-127
-132
-131
-136
-140
-141
-141
-142
-141
-141
-136
-143
-128
-134
-141
-144
-139
-142
-139
-144
-155
-144
-121
-126
-121
-128
-126
-135
-125
-137
-132
-134
-128
-135
-128
-139
-132
-145
-119
-122
-118
-125
-122
-125
-121
-130
-134
-130
-136
-132
-139
-139
-132
-144
-121
-129
-121
-131
-122
-132
-126
-126
-130
-136
-134
-137
-133
-138
-136
-143
-128
-134
-130
-138
-133
-133
-133
-133
-130
-137
-133
-142
-141
-148
-135
-144
-146
-139
-139
-170
-149
-160
-144
-156
-166
-166
-156
-151
-157
-165
-165
-167
-1
-2875
-1
-1
-1
-1
-1
-1
-1
-1
-1
-1
-1
-1
-2876
-1
-128
-127
-123
-132
-130
-132
-124
-130
-133
-131
-135
-136
-145
-147
-147
-151
-141
-154
-147
-145
-143
-150
-139
-151
-146
-141
-146
-148
-147
-139
-128
-130
-1
-1
-1
-1
-1
-1
-1
-1
-1
-1
-1
-1
-1
-1
-1
-1
-1
-1
-1
-1
-1
-1
-1
-1
-1
-1
-1
-1
-1
-1
-1
-1
-1
-1
-1
-1
-1
-1
-1
-1
-1
-1
-1
-1
-1
-1
-1
-1
-1
-1
-1
-1
-1
-1
-1
-1
-1
-1
-1
-1
-1
-1
-1
-1
-1
-1
-1
-1
-1
-1
-1
-1
-1
-1
-1
-1
-1
-1
-1
-1
