-7940
-5009
0
-2514
0
0
0
0
0
0
0
0
0
0
0
0
0
0
0
0
0
0
0
0
-400
-390
-400
-390
-396
-397
-399
-390
-391
-383
-385
-412
-389
-392
-391
-405
-400
-393
-388
-407
-396
-399
-393
-416
-395
-399
-394
-416
-407
-406
-390
-401
-398
-394
-402
-415
-404
-406
-396
-411
-393
-401
-396
-422
-404
-396
-407
-407
-397
-396
-404
-406
-400
-404
-400
-415
-384
-403
-399
-399
-391
-403
-396
-391
-391
-401
-395
-396
-393
-429
-397
-416
-397
-392
-391
-397
-391
-400
-397
-398
-389
-399
-393
-415
-406
-399
-399
-403
-361
-370
-377
-386
-391
-408
-391
-393
-389
-401
-387
-397
-402
-393
-395
-423
-7940
-5579
0
0
0
0
0
0
0
0
0
0
0
0
0
0
-966
-961
-968
-965
-974
-961
-971
-968
-957
-954
-968
-964
-974
-962
-972
-969
-980
-994
-974
-987
-983
-966
-971
-981
-968
-972
-966
-966
-969
-983
-961
-981
-960
-972
-961
-993
-964
-971
-966
-977
-985
-967
-963
-981
-969
-969
-961
-980
-966
-964
-961
-975
-967
-966
-960
-973
-959
-966
-971
-971
-968
-967
-967
-977
-961
-964
-964
-974
-968
-974
-969
-977
-974
-971
-966
-983
-975
-971
-980
-985
-966
-974
-969
-977
-970
-971
-969
-981
-980
-961
-961
-966
-977
-994
0
0
0
0
0
0
0
0
0
0
0
0
0
0
0
0
0
0
-7940
-5009
0
0
0
0
0
0
0
0
0
0
0
0
0
0
0
0
0
0
0
0
0
0
0
0
0
0
0
0
0
0
0
0
0
0
0
0
0
0
0
0
0
0
0
0
0
0
0
0
0
0
0
0
0
0
0
0
0
0
0
0
0
0
0
0
0
0
0
0
0
0
0
0
0
0
0
0
0
0
0
0
0
0
0
0
0
0
0
0
0
0
0
0
0
0
0
0
0
0
0
0
0
0
0
0
0
0
0
0
0
0
0
0
0
0
0
0
0
0
0
0
0
0
0
0
0
0
-7940
-5011
0
0
0
0
0
0
0
0
0
0
0
0
0
0
0
0
0
0
0
0
0
0
0
0
0
0
0
0
0
0
0
0
0
0
0
0
0
0
0
-421
-408
-445
-403
-410
-424
-411
-397
-398
-403
-414
-416
-402
-402
-451
-395
-403
-399
-420
-402
-409
-422
-444
-382
-390
-392
-377
-404
-399
-397
-406
-390
-394
-392
-400
-405
-400
-407
-402
-404
-388
-387
-393
-394
-394
-397
-423
-398
-390
-402
-398
-396
-401
-393
-411
-397
-398
-389
-400
-390
-388
-397
-411
-390
-388
-397
-399
-392
-390
-397
-412
-400
-412
-381
-386
-388
-401
-408
-389
-335
-366
-335
-350
-346
-336
-345
-354
-7940
-5012
0
0
0
0
0
0
0
0
0
0
0
0
0
0
0
-337
-334
-419
-408
-378
-381
-394
-391
-388
-417
-417
-439
-404
-408
-417
-393
-404
-403
-405
-417
-396
-410
-424
-416
-422
-420
-423
-402
-405
-411
-404
-403
-396
-390
-408
-401
-391
-410
-411
-415
-400
-408
-407
-400
-400
-412
-421
-409
-401
-405
-418
-395
-413
-414
-414
-418
-404
-424
-421
-416
-405
-420
-418
-410
-409
-403
-416
-408
-407
-409
-413
-413
-402
-406
-413
-418
-414
-421
-410
-409
-414
-411
-425
-415
-415
-406
-411
-412
-403
-410
-418
-404
-406
-411
-415
-401
-404
-396
-403
-393
-396
-400
-421
-401
-405
-416
-410
-433
-397
-410
-410
-7940
-5013
0
0
0
0
0
0
0
0
0
0
0
0
0
0
0
0
0
0
0
0
0
0
0
0
0
0
0
0
0
0
0
0
0
0
0
0
0
0
0
0
0
0
0
0
0
0
0
0
0
0
0
0
0
0
0
0
0
0
0
0
0
0
0
0
0
0
0
0
0
0
0
0
0
0
0
0
0
0
0
0
0
0
0
0
0
0
0
0
0
0
0
0
0
0
0
0
0
0
0
0
0
0
0
0
0
0
0
0
0
0
0
0
0
0
0
0
0
0
0
0
0
0
0
0
0
0
0
0
0
0
0
0
0
0
0
0
0
0
0
0
0
0
0
0
0
0
0
0
0
0
0
0
0
0
0
0
0
0
0
0
0
0
0
0
0
0
0
0
0
0
0
0
0
0
0
0
0
0
0
0
0
0
0
0
0
0
0
0
0
0
0
0
0
0
0
0
0
0
0
0
0
0
0
0
0
0
0
0
0
0
0
0
0
0
0
0
0
0
0
0
0
0
0
0
0
0
0
0
0
0
0
0
0
0
0
0
0
0
0
0
0
0
0
0
0
0
0
0
0
0
0
0
0
0
