-1
0
0
0
0
0
0
0
0
0
0
0
0
0
0
0
0
0
0
0
0
0
0
0
0
0
0
0
0
0
0
0
0
0
0
0
0
0
0
0
0
0
0
0
0
0
0
0
-80
-80
-65
-80
-80
-65
-60
-55
-60
-55
-40
-40
-50
-50
-65
-60
-80
-80
-65
-65
-75
-75
-65
-70
-70
-60
-70
-75
-75
-70
-75
-70
-65
-70
-75
-75
-70
-75
-70
-70
-70
-70
-75
-85
-80
-80
-85
-75
-80
-80
-75
-70
-80
-85
-60
-70
-70
-65
-70
-70
-85
-85
-85
-85
-80
-85
-85
-75
-75
-75
-80
-85
-85
-80
-80
-75
-85
-85
-85
-85
-90
0
0
0
0
0
0
0
0
0
0
0
0
0
0
0
-85
-85
-80
-80
-80
-95
-95
-80
-85
-90
-90
-95
-105
-105
-90
-65
-70
-80
-80
-75
-80
-80
-80
-80
-80
-75
-75
-85
-90
-90
-90
-90
-90
-85
-75
-65
-75
-80
-85
-85
-85
-90
-90
-90
-100
-90
-85
-95
-95
-85
-80
-80
-80
-80
-75
-80
-80
-85
-85
-90
-90
-90
-90
-80
-100
-100
-70
-85
-85
-75
-75
-75
-80
-80
-85
-90
-80
-80
-75
-80
-80
0
0
0
-60
-65
-65
0
0
0
0
0
0
0
0
0
0
0
0
0
0
0
0
0
0
0
0
0
0
0
0
0
0
0
0
0
0
0
0
0
0
0
0
0
0
0
0
0
0
0
0
0
0
0
-55
-50
-50
-45
-35
-50
-60
-60
-50
-65
-65
-65
-60
-60
-60
-60
-60
-60
-65
-65
-70
-70
-65
-65
-65
-80
-80
-65
-65
-60
-55
-55
-60
-65
-75
-75
-65
-65
-80
-80
-75
-80
-80
-65
-60
-70
-70
-65
-65
-65
-65
-65
-65
-75
-80
-75
-80
-80
-75
-60
-65
-65
-70
-70
-70
-70
-70
-70
-75
-75
-80
-85
-80
-75
-70
-70
-65
-70
-70
-70
-70
-70
-75
-75
-70
-75
-75
-75
-75
-75
-75
-75
-70
-70
-75
-70
-55
-60
-70
-75
-70
-60
-75
-70
-85
-85
-65
0
0
0
0
0
0
0
0
0
0
0
0
0
0
0
-90
-90
-95
-90
-80
-80
-70
-85
-85
-85
-90
-110
-110
-85
-85
-65
-90
-85
-75
-75
-75
-75
-85
-70
-65
-70
-65
-50
-65
-75
-80
555
-95
-95
-95
-95
-95
-90
-90
-95
-95
-90
-90
-90
-95
-100
-100
-100
-100
-95
-95
-95
-95
-95
-90
-100
-100
-95
-100
-100
-100
-100
-110
-115
-100
-100
-100
-95
-95
-95
-90
-95
-90
-100
-105
-105
-110
-110
-100
-100
-95
-95
-100
-100
-105
-105
-100
-90
-95
-110
-115
-100
-105
-115
-115
-110
-110
-100
-95
-100
-105
-100
-100
-100
-100
-100
-110
-110
-110
-110
-105
-110
-110
0
0
0
0
0
0
0
0
0
0
0
0
0
0
0
-105
-105
-105
-105
-105
-105
-100
-90
-95
-100
-110
-110
-110
-110
-115
-115
-110
-100
-105
-105
-105
-110
-105
-100
-100
-105
-110
-110
-110
-115
-110
-110
-110
-110
-105
-110
-110
-110
-105
-100
-105
-105
-110
-115
-110
-120
-120
-115
-115
-110
-110
-115
-115
-100
-100
-105
-105
-115
-115
-115
-115
-120
-120
-115
-115
-100
-95
-95
-100
-100
-100
-105
-110
-105
-110
-115
-115
-115
-120
-130
-130
660
340
225
-80
-85
-90
-90
-85
-105
-105
-115
-120
-115
-120
-115
-110
0
0
0
0
0
0
0
0
0
0
0
0
0
0
0
0
0
0
0
0
0
0
0
0
0
0
0
0
0
0
0
0
-55
-55
-65
-65
-65
-65
-65
-70
-70
-80
-85
-85
-85
-90
-95
-95
-85
-85
-85
-85
-85
-90
-90
-90
-90
-100
-100
-95
-115
-105
-105
-95
-100
-100
-95
-90
-95
-95
-95
-100
-105
-100
-95
-95
-95
-100
-105
-115
-110
-95
-95
-95
-90
-95
-95
-95
-105
-105
-95
-105
-105
-105
-100
-100
-105
-100
-90
-105
-100
-85
-95
-100
-95
-95
-100
-100
-105
-100
-110
-110
-95
-95
-90
-95
-100
-95
-90
-95
-95
-95
-95
-100
-110
-110
-105
-105
-100
-100
-95
-90
-90
-100
-100
-100
-100
-95
-100
-110
-110
-110
-110
-110
0
0
0
0
0
0
0
0
0
0
0
0
0
0
0
-115
-115
-95
-105
-100
-90
-95
-100
-105
-105
-105
-100
-100
-100
-110
-110
-100
-95
-95
-85
-90
-90
-90
-95
-95
-100
-95
-95
-90
-90
-90
-90
0
0
0
0
0
0
0
0
0
0
0
0
0
0
0
0
0
0
0
0
0
0
0
0
0
0
0
0
0
0
0
0
0
0
0
0
0
0
0
0
0
0
0
0
0
0
0
0
0
0
0
0
0
0
0
0
0
0
0
0
0
0
0
0
0
0
0
0
0
0
0
0
0
0
0
0
0
0
0
0
