-1
-2868
-1
-1
-1
-1
-1
-1
-1
-1006
-933
-973
-924
-1
-1
-1
-146
-154
-158
-153
-154
-158
-152
-156
-160
-148
-159
-159
-157
-162
-171
-230
-157
-121
-146
-132
-107
-123
-122
-134
-125
-149
-137
-146
-151
-153
-162
-169
-153
-181
-174
-175
-166
-169
-161
-167
-167
-167
-150
-163
-162
-173
-165
-163
-176
-185
-185
-183
-178
-183
-188
-176
-185
-191
-185
-181
-190
-193
-191
-196
-175
-178
-182
-169
-178
-183
-184
-180
-173
-190
-190
-192
-195
-192
-201
-201
-185
-182
-188
-192
-183
-189
-189
-189
-181
-185
-189
-198
-193
-194
-179
-184
-143
-145
-127
-140
-137
-149
-143
-137
-144
-152
-145
-152
-150
-164
-155
-173
-1
-3440
-1
-1
-1
-1
-1
-1
-1
-1
-1
-1
-1
-1
-1
-1
-762
-770
-760
-770
-767
-772
-773
-777
-773
-785
-792
-794
-788
-799
-801
-804
-782
-795
-788
-797
-792
-802
-793
-800
-805
-808
-801
-807
-808
-816
-811
-818
-795
-792
-804
-807
-804
-811
-808
-831
-813
-816
-820
-833
-816
-829
-826
-851
-819
-820
-815
-809
-822
-829
-820
-822
-830
-830
-826
-843
-837
-829
-839
-856
-822
-840
-833
-842
-835
-835
-844
-847
-852
-848
-854
-861
-855
-864
-860
-870
-938
-878
-851
-851
-843
-855
-855
-1
-1
-1
-1
-1
-1
-1
-1
-1
-799
-818
-814
-832
-822
-835
-826
-839
-837
-839
-835
-844
-840
-839
-831
-853
-1
-2869
-1
-1
-1
-1
-1
-1
-1
-1
-1
-1
-1
-1
-1
-1
-142
-137
-129
-128
-124
-127
-115
-127
-129
-133
-122
-156
-155
-159
-169
-174
-156
-162
-161
-163
-156
-164
-166
-161
-163
-165
-166
-155
-167
-168
-168
-168
-173
-182
-174
-180
-168
-163
-164
-168
-176
-178
-180
-180
-186
-179
-180
-187
-173
-176
-177
-175
-171
-174
-174
-177
-174
-173
-181
-182
-180
-177
-180
-190
-168
-177
-169
-172
-172
-177
-170
-171
-169
-183
-177
-189
-182
-188
-181
-191
-169
-165
-170
-176
-171
-178
-174
-172
-174
-176
-181
-180
-174
-181
-181
-186
-164
-174
-170
-181
-168
-170
-167
-172
-173
-171
-169
-176
-178
-181
-182
-183
-1
-2871
-1
-1
-1
-1
-1
-1
-1
-1
-1
-1
-1
-1
-1
-1
-160
-178
-160
-165
-161
-164
-162
-163
-171
-172
-170
-174
-177
-177
-161
-480
-187
-189
-191
-183
-174
-170
-171
-183
-173
-181
-182
-189
-186
-190
-216
-259
-180
-185
-184
-183
-178
-177
-176
-184
-179
-180
-183
-188
-188
-193
-190
-199
-181
-182
-177
-184
-181
-180
-182
-184
-185
-187
-187
-192
-191
-192
-191
-190
-171
-190
-179
-181
-184
-175
-173
-183
-178
-182
-185
-187
-187
-200
-187
-197
-180
-180
-186
-185
-179
-178
-176
-183
-182
-188
-186
-192
-184
-191
-190
-198
-166
-173
-171
-180
-180
-180
-178
-178
-182
-190
-180
-179
-187
-190
-193
-190
-1
-2872
-1
-1
-1
-1
-1
-1
-1
-1
-1
-1
-1
-1
-1
-1
-171
-181
-179
-172
-170
-179
-179
-184
-189
-182
-187
-189
-194
-199
-182
-202
-187
-193
-192
-194
-194
-202
-191
-185
-203
-202
-188
-187
-196
-206
-198
-210
-180
-188
-181
-190
-184
-191
-187
-191
-186
-192
-190
-191
-195
-198
-198
-209
-186
-198
-189
-194
-193
-199
-189
-200
-194
-193
-201
-206
-208
-202
-205
-208
-200
-201
-186
-196
-196
-192
-183
-193
-199
-191
-207
-201
-205
-205
-206
-218
-185
-197
-191
-194
-182
-191
-187
-192
-186
-187
-193
-201
-199
-202
-196
-208
-208
-193
-172
-168
-170
-175
-170
-1
-1
-1
-1
-1
-1
-1
-1
-1
-1
-2873
-1
-1
-1
-1
-1
-1
-1
-1
-1
-1
-1
-1
-1
-1
-135
-159
-160
-162
-159
-159
-161
-173
-174
-171
-178
-182
-183
-188
-185
-198
-182
-185
-180
-186
-184
-185
-181
-186
-188
-187
-190
-206
-199
-203
-198
-193
-178
-178
-179
-181
-185
-187
-178
-196
-190
-197
-187
-191
-181
-195
-191
-204
-173
-177
-180
-180
-182
-182
-182
-182
-189
-190
-192
-193
-196
-203
-197
-209
-180
-186
-175
-188
-185
-185
-183
-190
-192
-195
-193
-194
-200
-204
-200
-210
-192
-199
-193
-195
-191
-199
-182
-185
-193
-197
-194
-204
-202
-208
-202
-205
-167
-178
-168
-190
-175
-185
-175
-183
-192
-187
-185
-183
-191
-192
-191
-198
-1
-2872
-1
-1
-1
-1
-1
-1
-1
-1
-1
-1
-1
-1
-2873
-1
-187
-180
-178
-185
-181
-185
-181
-185
-188
-181
-189
-191
-202
-196
-207
-208
-207
-212
-206
-205
-202
-205
-193
-206
-203
-202
-205
-219
-208
-203
-185
-195
-1
-1
-1
-1
-1
-1
-1
-1
-1
-1
-1
-1
-1
-1
-1
-1
-1
-1
-1
-1
-1
-1
-1
-1
-1
-1
-1
-1
-1
-1
-1
-1
-1
-1
-1
-1
-1
-1
-1
-1
-1
-1
-1
-1
-1
-1
-1
-1
-1
-1
-1
-1
-1
-1
-1
-1
-1
-1
-1
-1
-1
-1
-1
-1
-1
-1
-1
-1
-1
-1
-1
-1
-1
-1
-1
-1
-1
-1
-1
-1
