-1
-2886
-1
-1
-1
-1
-1
-1
-1
-1005
-946
-973
-934
1
-1
-1
-146
-154
-158
-153
-154
-158
-152
-156
-160
-148
-159
-159
-157
-162
-171
-230
-157
-121
-146
-132
-107
-123
-122
-134
-125
-149
-137
-146
-151
-153
-162
-169
-164
-191
-187
-190
-178
-195
-193
-180
-189
-180
-180
-200
-200
-200
-223
-235
-180
-188
-190
-187
-184
-190
-192
-187
-194
-200
-193
-186
-200
-201
-203
-205
-183
-185
-185
-174
-186
-189
-189
-184
-178
-195
-193
-198
-200
-200
-206
-208
-186
-187
-191
-193
-187
-193
-192
-195
-184
-190
-193
-202
-197
-199
-181
-187
-148
-148
-132
-145
-141
-153
-146
-142
-145
-158
-151
-157
-153
-164
-157
-177
-1
-3457
-1
-1
-1
-1
-1
-1
-1
-1
-1
-1
-1
-1
-1
-1
-765
-773
-764
-772
-770
-776
-778
-779
-777
-789
-797
-797
-792
-801
-803
-809
-785
-797
-789
-800
-796
-802
-796
-803
-808
-813
-803
-811
-812
-819
-816
-822
-798
-795
-805
-807
-805
-814
-810
-834
-818
-818
-823
-832
-818
-832
-828
-853
-820
-821
-817
-811
-825
-831
-822
-825
-831
-831
-830
-846
-841
-831
-842
-858
-824
-844
-837
-845
-835
-838
-845
-849
-856
-849
-856
-862
-859
-866
-865
-871
-900
-885
-854
-858
-853
-858
-855
-1
-1
-1
-1
-1
-1
-1
-1
-1
-799
-818
-814
-832
-822
-835
-826
-839
-837
-839
-835
-844
-840
-839
-831
-853
-1
-2884
-1
-1
-1
-1
-1
-1
-1
-1
-1
-1
-1
-1
-1
-1
-142
-137
-129
-128
-124
-127
-115
-127
-129
-133
-122
-156
-190
-194
-188
-193
-171
-176
-172
-173
-167
-172
-175
-168
-170
-174
-172
-162
-175
-175
-176
-176
-181
-189
-179
-188
-173
-168
-169
-172
-182
-184
-184
-186
-191
-181
-184
-191
-176
-181
-179
-178
-175
-178
-179
-180
-177
-176
-184
-184
-184
-181
-183
-194
-171
-180
-172
-173
-174
-179
-173
-174
-173
-186
-180
-193
-184
-190
-184
-195
-173
-168
-173
-180
-173
-182
-176
-175
-178
-179
-183
-181
-175
-184
-184
-188
-166
-176
-172
-183
-170
-172
-169
-174
-173
-174
-170
-178
-178
-183
-185
-185
-1
-2886
-1
-1
-1
-1
-1
-1
-1
-1
-1
-1
-1
-1
-1
-1
-162
-181
-163
-169
-161
-166
-164
-166
-172
-173
-172
-176
-179
-179
-164
-449
-211
-221
-203
-188
-186
-196
-166
-211
-200
-200
-190
-190
-190
-190
-190
-190
-195
-190
-200
-194
-187
-192
-187
-201
-188
-193
-199
-216
-201
-204
-207
-209
-189
-188
-183
-194
-190
-192
-191
-189
-198
-201
-193
-197
-198
-197
-206
-204
-175
-194
-185
-183
-188
-184
-180
-197
-185
-187
-197
-195
-191
-206
-197
-207
-183
-186
-188
-186
-185
-186
-182
-189
-186
-193
-190
-195
-188
-195
-198
-207
-169
-179
-172
-184
-183
-183
-183
-180
-186
-193
-186
-183
-195
-194
-197
-194
-1
-2887
-1
-1
-1
-1
-1
-1
-1
-1
-1
-1
-1
-1
-1
-1
-174
-183
-182
-175
-173
-178
-181
-186
-191
-186
-192
-194
-197
-207
-186
-207
-188
-195
-197
-196
-197
-206
-193
-186
-204
-204
-190
-192
-201
-208
-202
-212
-182
-189
-182
-192
-185
-192
-189
-194
-188
-196
-190
-197
-194
-201
-204
-211
-189
-203
-194
-197
-194
-204
-191
-202
-197
-195
-205
-214
-217
-204
-208
-215
-201
-205
-186
-200
-199
-197
-186
-196
-201
-193
-210
-207
-205
-209
-207
-222
-183
-191
-195
-195
-186
-196
-191
-195
-189
-192
-194
-201
-199
-205
-199
-209
-405
-196
-169
-165
-170
-170
-170
-1
-1
-1
-1
-1
-1
-1
-1
-1
-1
-2888
-1
-1
-1
-1
-1
-1
-1
-1
-1
-1
-1
-1
-1
-1
-142
-159
-160
-184
-157
-155
-183
-193
-191
-182
-191
-204
-204
-219
-203
-217
-203
-205
-197
-197
-202
-200
-196
-200
-201
-198
-200
-217
-206
-214
-208
-200
-188
-188
-187
-190
-195
-194
-186
-203
-196
-205
-194
-198
-189
-200
-195
-207
-178
-184
-187
-187
-188
-187
-187
-186
-193
-193
-196
-195
-204
-207
-198
-212
-182
-189
-179
-193
-187
-191
-186
-192
-195
-198
-194
-196
-203
-207
-204
-213
-198
-201
-195
-198
-192
-201
-186
-188
-194
-202
-196
-207
-204
-210
-204
-207
-171
-180
-171
-192
-177
-187
-178
-185
-195
-190
-186
-186
-195
-195
-194
-199
-1
-2887
-1
-1
-1
-1
-1
-1
-1
-1
-1
-1
-1
-1
-2888
-1
-188
-182
-181
-187
-184
-186
-181
-187
-190
-183
-190
-194
-205
-198
-209
-210
-210
-212
-212
-207
-203
-206
-194
-208
-208
-205
-209
-222
-210
-207
-187
-703
-1
-1
-1
-1
-1
-1
-1
-1
-1
-1
-1
-1
-1
-1
-1
-1
-1
-1
-1
-1
-1
-1
-1
-1
-1
-1
-1
-1
-1
-1
-1
-1
-1
-1
-1
-1
-1
-1
-1
-1
-1
-1
-1
-1
-1
-1
-1
-1
-1
-1
-1
-1
-1
-1
-1
-1
-1
-1
-1
-1
-1
-1
-1
-1
-1
-1
-1
-1
-1
-1
-1
-1
-1
-1
-1
-1
-1
-1
-1
-1
