0
-2539
0
0
0
0
0
0
0
0
0
0
0
0
0
0
-699
-711
-714
-701
-697
-705
-704
-701
-700
-705
-702
-702
-703
-696
-706
-757
-691
-693
-678
-678
-669
-673
-671
-674
-665
-685
-688
-687
-693
-696
-702
-717
-716
-729
-722
-731
-718
-726
-709
-718
-713
-690
-706
-707
-707
-701
-702
-701
-718
-731
-727
-722
-729
-723
-724
-726
-728
-727
-733
-737
-736
-744
-732
-737
-715
-720
-720
-731
-715
-723
-713
-723
-723
-734
-732
-736
-732
-738
-739
-752
-733
-725
-728
-730
-734
-731
-721
-731
-730
-730
-733
-723
-735
-735
-736
-735
-682
-702
-678
-694
-690
-691
-701
-695
-701
-700
-708
-695
-703
-707
-698
-720
0
-2541
0
0
0
0
0
0
0
0
0
0
0
0
0
0
-745
-740
-748
-747
-750
-754
-752
-762
-761
-767
-767
-780
-766
-776
-761
-765
-761
-773
-765
-774
-768
-778
-777
-783
-786
-786
-781
-786
-789
-789
-792
-802
-775
-786
-783
-777
-784
-784
-782
-791
-788
-800
-785
-816
-808
-790
-797
-815
-789
-776
-788
-800
-794
-788
-788
-798
-801
-797
-803
-810
-797
-812
-801
-829
-799
-810
-803
-810
-807
-813
-812
-819
-820
-823
-824
-839
-827
-839
-825
-844
-880
-826
-806
-812
-811
-823
-823
0
0
0
0
0
0
0
0
0
-761
-792
-791
-800
-800
-805
-796
-811
-812
-812
-814
-821
-818
-826
-823
-835
0
-2543
0
0
0
0
0
0
0
0
0
0
0
0
0
0
-678
-680
-675
-672
-664
-666
-663
-667
-671
-678
-678
-690
-698
-697
-697
-715
-711
-718
-717
-719
-716
-719
-714
-719
-719
-715
-717
-723
-718
-720
-719
-730
-709
-718
-715
-721
-700
-719
-714
-719
-716
-724
-716
-731
-723
-732
-717
-749
-715
-721
-715
-723
-718
-718
-711
-720
-721
-704
-724
-728
-723
-723
-723
-734
-719
-706
-715
-708
-725
-721
-717
-717
-724
-726
-719
-727
-730
-734
-730
-735
-725
-721
-712
-732
-712
-719
-712
-714
-722
-721
-708
-725
-727
-726
-725
-724
-718
-718
-716
-718
-712
-703
-702
-705
-716
-717
-714
-715
-724
-715
-724
-720
0
-2541
0
0
0
0
0
0
0
0
0
0
0
0
0
0
-704
-713
-709
-702
-701
-704
-701
-704
-706
-707
-708
-714
-712
-704
-691
-700
-714
-713
-719
-715
-717
-710
-710
-710
-720
-718
-716
-718
-724
-734
-741
-791
-714
-728
-713
-724
-709
-718
-702
-711
-711
-714
-713
-719
-716
-726
-729
-732
-711
-715
-706
-709
-704
-704
-707
-714
-714
-718
-712
-724
-715
-721
-725
-730
-708
-710
-716
-715
-707
-710
-714
-712
-720
-724
-713
-717
-724
-728
-715
-722
-707
-714
-710
-715
-710
-715
-715
-713
-718
-718
-714
-718
-725
-724
-722
-721
-712
-712
-712
-715
-708
-713
-718
-720
-717
-718
-713
-715
-718
-720
-721
-727
0
-2543
0
0
0
0
0
0
0
0
0
0
0
0
0
0
-711
-710
-712
-707
-705
-717
-710
-716
-715
-719
-716
-728
-716
-731
-730
-734
-724
-734
-726
-731
-726
-727
-726
-725
-726
-725
-726
-724
-725
-733
-731
-744
-712
-724
-716
-724
-718
-720
-724
-725
-724
-739
-724
-733
-733
-747
-732
-743
-720
-731
-724
-731
-725
-732
-726
-734
-735
-730
-741
-742
-742
-744
-744
-752
-726
-732
-724
-730
-724
-736
-726
-732
-734
-732
-741
-741
-743
-745
-754
-762
-717
-717
-722
-724
-724
-719
-712
-734
-733
-735
-738
-745
-741
-745
-746
-752
-760
-733
-704
-709
-706
-717
-720
0
0
0
0
0
0
0
0
0
0
-2542
0
0
0
0
0
0
0
0
0
0
0
0
0
0
-680
-696
-694
-703
-694
-698
-699
-701
-711
-708
-711
-721
-708
-714
-718
-724
-718
-716
-709
-719
-712
-719
-707
-716
-714
-710
-717
-723
-726
-729
-735
-731
-699
-714
-713
-713
-707
-716
-712
-718
-714
-722
-717
-718
-722
-719
-726
-733
-715
-714
-710
-717
-714
-712
-712
-721
-721
-732
-726
-724
-728
-731
-726
-735
-709
-727
-711
-719
-714
-718
-718
-722
-726
-724
-728
-727
-728
-734
-722
-746
-715
-733
-726
-728
-726
-730
-712
-723
-723
-728
-729
-736
-740
-740
-738
-746
-703
-712
-709
-715
-710
-720
-718
-713
-714
-722
-722
-720
-722
-727
-729
-737
0
-2539
0
0
0
0
0
0
-3214
0
0
0
0
0
0
0
-718
-722
-715
-731
-719
-720
-719
-720
-728
-725
-730
-732
-743
-742
-741
-741
-737
-745
-726
-741
-735
-738
-727
-735
-736
-736
-742
-744
-745
-746
-733
-733
0
0
0
0
0
0
0
0
0
0
0
0
0
0
0
0
0
0
0
0
0
0
0
0
0
0
0
0
0
0
0
0
0
0
0
0
0
0
0
0
0
0
0
0
0
0
0
0
0
0
0
0
0
0
0
0
0
0
0
0
0
0
0
0
0
0
0
0
0
0
0
0
0
0
0
0
0
0
0
0
