-5001
-2979
-5001
-5001
-5001
-5001
-5001
-5001
-5001
-950
-992
0
0
-5001
-5001
-5001
-5001
2147478648
0
2147478648
2147478648
-5001
-5001
-5001
-5001
-5001
2147478648
-5001
-5001
2147478648
-5001
-5001
2147478648
2147478648
0
2147478648
2147478648
-5001
-5001
-5001
2147478648
0
0
2147478648
2147478648
2147478648
2147478648
0
-203
-225
-222
-229
-226
-231
-224
-232
-230
-212
-1598
-1625
-1242
-1954
-1133
-1586
-218
-229
-227
-233
-232
-230
-229
-235
-235
-237
-232
-244
-238
-249
-237
-239
-218
-219
-223
-232
-218
-226
-216
-227
-228
-238
-239
-243
-231
-243
-239
-243
-224
