0
-1
1
0
0
0
0
0
0
0
0
0
0
0
0
0
253
274
294
285
302
289
108
0
0
0
0
0
0
0
0
282
287
282
285
283
287
293
286
290
286
286
285
276
291
282
284
276
290
286
297
292
299
288
302
293
295
285
296
286
290
287
281
273
292
285
287
281
285
291
286
283
285
287
288
280
285
277
279
273
293
294
292
285
292
286
292
291
288
282
288
275
276
280
277
278
289
282
288
285
288
282
286
285
289
287
287
286
290
289
288
286
293
293
299
289
297
297
298
291
300
286
293
289
291
290
289
283
0
-1
0
0
0
0
0
0
0
0
0
0
0
0
0
0
0
283
293
291
292
287
291
286
290
287
283
286
284
273
283
280
286
282
284
283
284
281
287
283
279
282
289
284
275
284
284
270
291
286
288
284
297
285
297
299
291
281
290
291
284
281
281
282
288
294
290
289
286
284
284
291
287
283
290
278
277
282
272
278
301
289
295
285
293
295
295
293
287
282
284
281
279
290
274
270
290
283
286
277
292
283
289
288
290
291
279
284
277
279
265
138
306
303
307
297
311
298
301
303
302
294
297
296
290
297
302
300
0
-1
0
0
0
0
0
0
0
0
0
0
0
0
0
0
302
299
302
293
302
296
298
295
301
295
293
292
290
294
296
289
295
277
285
281
286
285
284
287
285
289
280
280
283
285
284
276
291
285
291
290
290
286
296
286
295
280
288
280
283
278
286
261
297
295
298
291
293
297
297
290
294
286
282
288
287
286
283
280
296
290
289
292
296
296
296
284
290
286
287
284
280
282
281
275
280
294
281
280
291
279
290
279
280
276
283
279
284
277
279
278
296
293
294
283
283
282
289
288
286
282
294
281
287
274
281
278
0
-1
0
0
0
0
0
0
0
0
0
0
0
0
0
0
282
282
282
285
298
287
290
286
281
281
273
281
275
277
279
274
193
228
236
238
249
242
250
0
0
0
0
0
0
0
0
0
250
246
245
236
252
235
254
242
246
238
234
232
236
231
241
230
247
247
253
247
253
245
248
243
236
242
245
240
243
235
238
220
268
253
256
244
250
248
247
244
245
242
249
241
233
239
234
233
249
250
255
257
253
249
261
252
258
250
250
246
244
247
252
241
263
255
255
255
250
249
251
247
253
249
252
243
244
237
250
235
0
-1
0
0
0
0
0
0
0
0
0
0
0
0
0
0
279
272
275
275
271
276
268
266
267
262
260
266
255
255
268
250
265
251
257
251
257
251
258
247
246
243
249
250
247
243
246
239
262
262
260
243
254
251
254
253
247
245
250
255
249
249
252
246
261
250
258
254
250
251
267
245
255
253
249
252
244
232
244
236
263
251
260
254
268
246
255
247
247
246
230
240
245
241
238
239
255
251
259
251
253
237
261
245
247
239
252
249
247
253
237
233
265
267
260
262
261
264
258
257
261
257
262
255
255
258
222
136
0
-1
0
0
0
0
0
0
0
0
0
0
0
0
0
0
282
273
273
278
276
273
281
272
274
276
275
267
269
274
285
260
254
256
264
254
262
263
274
260
262
267
259
257
256
254
256
256
275
273
280
256
278
272
271
270
263
265
267
259
269
258
262
256
254
259
273
260
264
263
269
261
260
263
264
252
251
256
251
250
270
264
269
270
276
269
263
272
260
255
262
269
260
249
254
251
255
262
261
256
263
260
268
267
248
268
252
260
253
256
258
256
275
272
266
268
268
264
270
258
265
262
264
259
274
260
258
259
0
-1
1
0
0
0
0
0
0
0
0
0
0
0
0
0
242
250
237
248
246
236
243
240
240
232
229
221
223
216
216
221
243
220
219
208
221
213
225
204
204
215
209
197
198
193
200
201
0
0
0
0
0
0
0
0
0
0
0
0
0
0
0
0
-1
-1
-1
-1
-1
-1
-1
-1
-1
-1
-1
-1
-1
-1
-1
-1
-1
-1
-1
-1
-1
-1
-1
-1
-1
-1
-1
-1
-1
-1
-1
-1
0
0
0
0
0
0
0
0
0
0
0
0
0
0
0
0
0
0
0
0
0
0
0
0
0
0
0
0
0
0
0
0
