0	 2 	-337.263	3.16725
1	 2 	-400.55	3.19492
2	 2 	-348.93	3.28592
3	 2 	-349.391	3.13542
4	 2 	-320.932	3.22798
5	 2 	-346.765	3.16725
6	 2 	-394.16	3.19492
7	 2 	-317.248	3.16249
8	 2 	-417.863	3.25671
9	 2 	-378.185	3.19492
10	 2 	-426.69	3.27381
11	 2 	-411.349	3.25671
12	 2 	-399.484	3.21137
13	 2 	-258.082	3.16725
14	 2 	-461.652	3.33873
15	 2 	-352.035	3.16249
16	 2 	-388.885	3.17863
17	 2 	-340.598	3.20642
18	 2 	-465.226	3.29108
19	 2 	-348.103	3.21137
20	 2 	-385.707	3.17863
21	 2 	-304.627	3.30334
22	 2 	-405.883	3.23979
23	 2 	-344.936	3.15126
24	 2 	-472.061	3.20642
25	 2 	-424.506	3.28592
26	 2 	-471.808	3.29108
27	 2 	-468.517	3.29108
28	 2 	-432.538	3.32095
29	 2 	-406.915	3.22302
30	 2 	-416.869	3.27381
31	 2 	-373.485	3.23979
32	 2	-156.394        2.69736
33	 2	-136.136        2.62137
34	 2	 0.	 1.
35	 2	 0.	 1.
36	 2	 0.	 1.
37	 2	 0.	 1.
38	 2	 0.	 1.
39	 2	 0.	 1.
40	 2	 0.	 1.
41	 2	 0.	 1.
42	 2	 0.	 1.
43	 2	 0.	 1.
44	 2	 0.	 1.
45	 2	 0.	 1.
46	 2	 0.	 1.
47	 2	 0.	 1.
48	 2	-367.083        4.01831
49	 2	-378.917        4.03313
50	 2 	 0.	 1. 
51	 2 	 0.	 1. 
52	 2 	 0.	 1. 
53	 2 	 0.	 1. 
54	 2 	 0.	 1. 
55	 2 	 0.	 1. 
56	 2 	 0.	 1. 
57	 2 	 0.	 1. 
58	 2 	 0.	 1. 
59	 2 	 0.	 1. 
60	 2 	 0.	 1. 
61	 2 	 0.	 1. 
62	 2 	 0.	 1. 
63	 2 	 0.	 1. 
eof
