1
1
1
1
1
1
1
1
1
1
1
1
1
1
1
1
1
1
1
1
1
1
1
1
1
1
1
1
1
1
1
1
1
1
1
1
1
1
1
1
1
1
1
1
1
1
1
1
1
1
1
1
1
1
1
1
1
1
1
1
1
1
1
1
1
1
1
1
1
1
1
1
1
1
1
1
1
1
1
1
1
1
1
1
1
1
1
1
1
1
1
1
1
1
1
1
1
1
1
1
1
1
1
1
1
1
1
1
1
1
1
1
1
1
1
1
1
1
1
1
1
1
1
1
1
1
1
1
1
1
1
1
1
1
1
1
1
1
1
1
1
1
1
1
1
1
1
1
1
1
1
1
1
1
1
1
1
1
1
1
1
1
1
1
1
1
1
1
1
1
1
1
1
1
1
1
1
1
1
1
1
1
1
1
1
1
1
1
1
1
1
1
1
1
1
1
1
1
1
1
1
1
1
1
1
1
1
1
1
1
1
1
1
1
1
1
1
1
1
1
1
1
1
1
1
1
1
1
1
1
1
1
1
1
1
1
1
1
1
1
1
1
1
1
1
1
1
1
1
1
1
1
1
1
1
1
1
1
1
1
1
1
1
1
1
1
1
1
1
1
1
1
1
1
1
1
1
1
1
1
1
1
1
1
1
1
1
1
1
1
1
1
1
1
1
1
1
1
1
1
1
1
1
1
1
1
1
1
1
1
1
1
1
1
1
1
1
1
1
1
1
1
1
1
1
1
1
1
1
1
1
1
1
1
1
1
1
1
1
1
1
1
1
1
1
1
1
1
1
1
1
1
1
1
1
1
1
1
1
1
1
1
1
1
1
1
1
1
1
1
1
1
1
1
1
1
1
1
1
1
1
1
1
1
1
1
1
1
1
1
1
1
1
1
1
1
1
1
1
1
1
1
1
1
1
1
1
1
1
1
1
1
1
1
1
1
1
1
1
1
1
1
1
1
1
1
1
1
1
1
1
1
1
1
1
1
1
1
1
1
1
1
1
1
1
1
1
1
1
1
1
1
1
1
1
1
1
1
1
1
1
1
1
1
1
1
1
1
1
1
1
1
1
1
1
1
1
1
1
1
1
1
1
1
1
1
1
1
1
1
1
1
1
1
1
1
1
1
1
1
1
1
1
1
1
1
1
1
1
1
1
1
1
1
1
1
1
1
1
1
1
1
1
1
1
1
1
1
1
1
1
1
1
1
1
1
1
1
1
1
1
1
1
1
1
1
1
1
1
1
1
1
1
1
1
1
1
1
1
1
1
1
1
1
1
1
1
1
1
1
1
1
1
1
1
1
1
1
1
1
1
1
1
1
1
1
1
1
1
1
1
1
1
1
1
1
1
1
1
1
1
1
1
1
1
1
1
1
1
1
1
1
1
1
1
1
1
1
1
1
1
1
1
1
1
1
1
1
1
1
1
1
1
1
1
1
1
1
1
1
1
1
1
1
1
1
1
1
1
1
1
1
1
1
1
1
1
1
1
1
1
1
1
1
1
1
1
1
1
1
1
1
1
1
1
1
1
1
1
1
1
1
1
1
1
1
1
1
1
1
1
1
1
1
1
1
1
1
1
1
1
1
1
1
1
1
1
1
1
1
1
1
1
1
1
1
1
1
1
1
1
1
1
1
1
1
1
1
1
1
1
1
1
1
1
1
1
1
1
1
1
1
1
1
1
1
1
1
1
1
1
1
1
1
1
1
1
1
1
1
1
1
1
1
1
1
1
1
1
1
1
1
1
1
1
1
1
1
1
1
1
1
1
1
1
1
1
1
1
1
1
1
1
1
1
1
1
1
1
1
1
1
1
1
1
1
1
1
1
1
1
1
1
1
1
1
1
1
1
1
1
1
1
1
1
1
1
1
1
1
1
1
1
1
1
1
1
1
1
1
1
1
1
1
1
1
1
1
1
1
1
1
1
1
1
1
1
1
1
1
1
1
1
1
1
1
1
1
1
1
1
1
1
1
1
1
1
1
1
1
1
1
1
1
1
1
1
1
1
1
1
1
1
1
1
1
1
1
1
1
1
1
1
1
1
1
1
1
1
1
1
1
1
1
1
1
1
1
1
1
1
1
1
1
1
1
1
1
1
1
1
1
1
1
1
1
1
1
1
1
1
1
1
1
1
1
1
1
1
1
1
1
1
1
1
1
1
1
1
1
1
1
1
1
1
1
1
1
1
1
1
1
1
1
1
1
1
1
1
1
1
1
1
1
1
1
1
1
1
1
1
1
1
1
1
1
1
1
1
1
1
1
1
1
1
1
1
1
1
1
1
1
1
1
1
1
1
1
1
1
1
1
1
1
1
1
1
1
1
1
1
1
1
1
1
1
1
1
1
1
1
1
1
1
1
1
1
1
1
1
1
1
1
1
1
1
1
1
1
1
1
1
1
1
1
1
1
1
1
1
1
1
1
1
1
1
1
1
1
1
1
1
1
1
1
1
1
1
1
1
1
1
1
1
1
1
1
1
1
1
1
1
1
1
1
1
1
1
1
1
1
1
1
1
1
1
1
1
1
1
1
1
1
1
1
1
1
1
1
1
1
1
1
1
1
1
1
1
1
1
1
1
1
1
1
1
1
1
1
1
1
1
1
1
1
1
1
1
1
1
1
1
1
1
1
1
1
1
1
1
1
1
1
1
1
1
1
1
1
1
1
1
1
1
1
1
1
1
1
1
1
1
1
1
1
1
1
1
1
1
1
1
1
1
1
1
1
1
1
1
1
1
1
1
1
1
1
1
1
1
1
1
1
1
1
1
1
1
1
1
1
1
1
1
1
1
1
1
1
1
1
1
1
1
1
1
1
1
1
1
1
1
1
1
1
1
1
1
1
1
1
1
1
1
1
1
1
1
1
1
1
1
1
1
1
1
1
1
1
1
1
1
1
1
1
1
1
1
1
1
1
1
1
1
1
1
1
1
1
1
1
1
1
1
1
1
1
1
1
1
1
1
1
1
1
1
1
1
1
1
1
1
1
1
1
1
1
1
1
1
1
1
1
1
1
1
1
1
1
1
1
1
1
1
1
1
1
1
1
1
1
1
1
1
1
1
1
1
1
1
1
1
1
1
1
1
1
1
1
1
1
1
1
1
1
1
1
1
1
1
1
1
1
1
1
1
1
1
1
1
1
1
1
1
1
1
1
1
1
1
1
1
1
1
1
1
1
1
1
1
1
1
1
1
1
1
1
1
1
1
1
1
1
1
1
1
1
1
1
1
1
1
1
1
1
1
1
1
1
1
1
1
1
1
1
1
1
1
1
1
1
1
1
1
1
1
1
1
1
1
1
1
1
1
1
1
1
1
1
1
1
1
1
1
1
1
1
1
1
1
1
1
1
1
1
1
1
1
1
1
1
1
1
1
1
1
1
1
1
1
1
1
1
1
1
1
1
1
1
1
1
1
1
1
1
1
1
1
1
1
1
1
1
1
1
1
1
1
1
1
1
1
1
1
1
1
1
1
1
1
1
1
1
1
1
1
1
1
1
1
1
1
1
1
1
1
1
1
1
1
1
1
1
1
1
1
1
1
1
1
1
1
1
1
1
1
1
1
1
1
1
1
1
1
1
1
1
1
1
1
1
1
1
1
1
1
1
1
1
1
1
1
1
1
1
1
1
1
1
1
1
1
1
1
1
1
1
1
1
1
1
1
1
1
1
1
1
1
1
1
1
1
1
1
1
1
1
1
1
1
1
1
1
1
1
1
1
1
1
1
1
1
1
1
1
1
1
1
1
1
1
1
1
1
1
1
1
1
1
1
1
1
1
1
1
1
1
1
1
1
1
1
1
1
1
1
1
1
1
1
1
1
1
1
1
1
1
1
1
1
1
1
1
1
1
1
1
1
1
1
1
1
1
1
1
1
1
1
1
1
1
1
1
1
1
1
1
1
1
1
1
1
1
1
1
1
1
1
1
1
1
1
1
1
1
1
1
1
1
1
1
1
1
1
1
1
1
1
1
1
1
1
1
1
1
1
1
1
1
1
1
1
1
1
1
1
1
1
1
1
1
1
1
1
1
1
1
1
1
1
1
1
1
1
1
1
1
1
1
1
1
1
1
1
1
1
1
1
1
1
1
1
1
1
1
1
1
1
1
1
1
1
1
1
1
1
1
1
1
1
1
1
1
1
1
1
1
1
1
1
1
1
1
1
1
1
1
1
1
1
1
1
1
1
1
1
1
1
1
1
1
1
1
1
1
1
1
1
1
1
1
1
1
1
1
1
1
1
1
1
1
1
1
1
1
1
1
1
1
1
1
1
1
1
1
1
1
1
1
1
1
1
1
1
1
1
1
1
1
1
1
1
1
1
1
1
1
1
1
1
1
1
1
1
1
1
1
1
1
1
1
1
1
1
1
1
1
1
1
1
1
1
1
1
1
1
1
1
1
1
1
1
1
1
1
1
1
1
1
1
1
1
1
1
1
1
1
1
1
1
1
1
1
1
1
1
1
1
1
1
1
1
1
1
1
1
1
1
1
1
1
1
1
1
1
1
1
1
1
1
1
1
1
1
1
1
1
1
1
1
1
1
1
1
1
1
1
1
1
1
1
1
1
1
1
1
1
1
1
1
1
1
1
1
1
1
1
1
1
1
1
1
1
1
1
1
1
1
1
1
1
1
1
1
1
1
1
1
1
1
1
1
1
1
1
1
1
1
1
1
1
1
1
1
1
1
1
1
1
1
1
1
1
1
1
1
1
1
1
1
1
1
1
1
1
1
1
1
1
1
1
1
1
1
1
1
1
1
1
1
1
1
1
1
1
1
1
1
1
1
1
1
1
1
1
1
1
1
1
1
1
1
1
1
1
1
1
1
1
1
1
1
1
1
1
1
1
1
1
1
1
1
1
1
1
1
1
1
1
1
1
1
1
1
1
1
1
1
1
1
1
1
1
1
1
1
1
1
1
1
1
1
1
1
1
1
1
1
1
1
1
1
1
1
1
1
1
1
1
1
1
1
1
1
1
1
1
1
1
1
1
1
1
1
1
1
1
1
1
1
1
1
1
1
1
1
1
1
1
1
1
1
1
1
1
1
1
1
1
1
1
1
1
1
1
1
1
1
1
1
1
1
1
1
1
1
1
1
1
1
1
1
1
1
1
1
1
1
1
1
1
1
1
1
1
1
1
1
1
1
1
1
1
1
1
1
1
1
1
1
1
1
1
1
1
1
1
1
1
1
1
1
1
1
1
1
1
1
1
1
1
1
1
1
1
1
1
1
1
1
1
1
1
1
1
1
1
1
1
1
1
1
1
1
1
1
1
1
1
1
1
1
1
1
1
1
1
1
1
1
1
1
1
1
1
1
1
1
1
1
1
1
1
1
1
1
1
1
1
1
1
1
1
1
1
1
1
1
1
1
1
1
1
1
1
1
1
1
1
1
1
1
1
1
1
1
1
1
1
1
1
1
1
1
1
1
1
1
1
1
1
1
1
1
1
1
1
1
1
1
1
1
1
1
1
1
1
1
1
1
1
1
1
1
1
1
1
1
1
1
1
1
1
1
1
1
1
1
1
1
1
1
1
1
1
1
1
1
1
1
1
1
1
1
1
1
1
1
1
1
1
1
1
1
1
1
1
1
1
1
1
1
1
1
1
1
1
1
1
1
1
1
1
1
1
1
1
1
1
1
1
0.999999
0.999999
0.999998
0.999997
0.999996
0.999996
0.999995
0.999994
0.999993
0.999992
0.999991
0.999991
0.99999
0.999989
0.999988
0.999987
0.999986
0.999985
0.999985
0.999983
0.999982
0.999982
0.999981
0.99998
0.99998
0.999979
0.999978
0.999978
0.999977
0.999975
0.999974
0.999974
0.999973
0.999972
0.999971
0.99997
0.999969
0.999968
0.999968
0.999967
0.999966
0.999966
0.999964
0.999964
0.999963
0.999962
0.999961
0.99996
0.999959
0.999958
0.999958
0.999957
0.999956
0.999955
0.999954
0.999953
0.999953
0.999952
0.999952
0.99995
0.99995
0.999949
0.999948
0.999947
0.999946
0.999945
0.999944
0.999943
0.999943
0.999942
0.99994
0.999939
0.999939
0.999938
0.999937
0.999937
0.999936
0.999935
0.999934
0.999934
0.999933
0.999932
0.999932
0.999931
0.99993
0.999929
0.999928
0.999928
0.999927
0.999926
0.999926
0.999925
0.999924
0.999923
0.999923
0.999922
0.999921
0.99992
0.99992
0.999919
0.999918
0.999917
0.999916
0.999915
0.999914
0.999913
0.999912
0.999911
0.999911
0.99991
0.999909
0.999908
0.999908
0.999906
0.999906
0.999905
0.999905
0.999904
0.999903
0.999902
0.999902
0.9999
0.999899
0.999898
0.999897
0.999896
0.999895
0.999895
0.999894
0.999893
0.999893
0.999892
0.999891
0.99989
0.99989
0.999889
0.999888
0.999888
0.999887
0.999886
0.999885
0.999884
0.999883
0.999883
0.999881
0.99988
0.999879
0.999878
0.999878
0.999876
0.999875
0.999873
0.999873
0.999872
0.999871
0.99987
0.999869
0.999869
0.999868
0.999868
0.999867
0.999866
0.999866
0.999865
0.999865
0.999864
0.999863
0.999862
0.999861
0.999861
0.999859
0.999858
0.999858
0.999857
0.999857
0.999856
0.999855
0.999855
0.999853
0.999852
0.999852
0.999851
0.99985
0.999849
0.999848
0.999847
0.999846
0.999845
0.999844
0.999843
0.999842
0.999841
0.99984
0.99984
0.999839
0.999838
0.999838
0.999837
0.999836
0.999834
0.999834
0.999833
0.999832
0.999831
0.99983
0.999829
0.999828
0.999827
0.999826
0.999825
0.999824
0.999822
0.999822
0.999821
0.99982
0.999819
0.999818
0.999817
0.999816
0.999815
0.999814
0.999813
0.999812
0.999811
0.99981
0.999809
0.999808
0.999807
0.999806
0.999805
0.999804
0.999803
0.999803
0.999802
0.999801
0.9998
0.999799
0.999798
0.999796
0.999795
0.999794
0.999792
0.999791
0.99979
0.999789
0.999789
0.999788
0.999786
0.999785
0.999785
0.999784
0.999783
0.999782
0.999781
0.99978
0.999779
0.999778
0.999776
0.999774
0.999773
0.999772
0.999771
0.99977
0.999769
0.999769
0.999768
0.999766
0.999765
0.999764
0.999763
0.999761
0.99976
0.999759
0.999758
0.999756
0.999756
0.999754
0.999753
0.999751
0.99975
0.999749
0.999748
0.999746
0.999745
0.999744
0.999742
0.99974
0.99974
0.999739
0.999738
0.999737
0.999736
0.999735
0.999734
0.999732
0.99973
0.999729
0.999727
0.999726
0.999725
0.999723
0.999722
0.999721
0.99972
0.999718
0.999717
0.999715
0.999714
0.999712
0.999711
0.999709
0.999707
0.999705
0.999704
0.999702
0.9997
0.999699
0.999698
0.999696
0.999695
0.999693
0.999692
0.99969
0.999688
0.999687
0.999684
0.999684
0.999682
0.99968
0.999679
0.999677
0.999676
0.999674
0.999673
0.999671
0.999669
0.999667
0.999665
0.999664
0.999663
0.999662
0.999659
0.999657
0.999656
0.999655
0.999653
0.999651
0.99965
0.999648
0.999646
0.999644
0.999641
0.999639
0.999637
0.999635
0.999632
0.99963
0.999627
0.999626
0.999624
0.999621
0.99962
0.999618
0.999615
0.999613
0.999611
0.999609
0.999607
0.999605
0.999603
0.999601
0.999598
0.999596
0.999594
0.999592
0.99959
0.999586
0.999583
0.999581
0.999577
0.999575
0.999573
0.999571
0.999569
0.999567
0.999565
0.999562
0.999559
0.999557
0.999555
0.999553
0.999551
0.999548
0.999546
0.999544
0.99954
0.999538
0.999534
0.999532
0.99953
0.999527
0.999525
0.999522
0.999518
0.999516
0.999513
0.999509
0.999506
0.999504
0.9995
0.999497
0.999494
0.999491
0.999487
0.999484
0.999481
0.999478
0.999474
0.99947
0.999466
0.999463
0.99946
0.999456
0.999451
0.999448
0.999445
0.999442
0.999439
0.999434
0.99943
0.999426
0.999422
0.999419
0.999415
0.999412
0.999408
0.999404
0.9994
0.999395
0.999391
0.999387
0.999383
0.999379
0.999374
0.999369
0.999364
0.99936
0.999356
0.99935
0.999346
0.99934
0.999335
0.99933
0.999324
0.999318
0.999313
0.999309
0.999304
0.999299
0.999294
0.999287
0.999281
0.999275
0.999268
0.999263
0.999257
0.999251
0.999245
0.999239
0.999233
0.999226
0.999221
0.999214
0.999208
0.999202
0.999195
0.999187
0.999179
0.999172
0.999166
0.999158
0.999151
0.999144
0.999137
0.999131
0.999124
0.999116
0.999109
0.9991
0.999092
0.999083
0.999073
0.999064
0.999056
0.999048
0.999039
0.99903
0.999022
0.999013
0.999004
0.998995
0.998987
0.998976
0.998965
0.998957
0.998947
0.998938
0.998929
0.998919
0.998909
0.998897
0.998886
0.998876
0.998866
0.998855
0.998842
0.99883
0.998819
0.998808
0.998796
0.998782
0.998769
0.998757
0.998744
0.998731
0.998718
0.998703
0.99869
0.998677
0.998664
0.998652
0.998637
0.998623
0.998611
0.998597
0.998582
0.998567
0.998551
0.998535
0.998519
0.998505
0.998489
0.998473
0.998457
0.998442
0.998427
0.998412
0.998397
0.998381
0.998362
0.998345
0.99833
0.998312
0.998295
0.998276
0.998257
0.998238
0.998218
0.998201
0.99818
0.998159
0.99814
0.99812
0.998102
0.998081
0.998061
0.998038
0.998017
0.997993
0.997971
0.99795
0.997928
0.997906
0.997887
0.997863
0.997838
0.997816
0.99779
0.997767
0.997743
0.997718
0.997692
0.997666
0.997639
0.997613
0.997586
0.997559
0.997534
0.997503
0.997474
0.997449
0.99742
0.997389
0.997359
0.997329
0.997299
0.997267
0.997239
0.997207
0.997174
0.997142
0.997109
0.997078
0.997043
0.997012
0.996978
0.996948
0.996915
0.99688
0.99685
0.996812
0.996778
0.996745
0.996712
0.996679
0.996644
0.996607
0.996574
0.996533
0.996499
0.99646
0.996422
0.996384
0.996345
0.996307
0.996269
0.996229
0.996188
0.996147
0.996106
0.996059
0.996015
0.99597
0.995927
0.995884
0.995839
0.995795
0.995749
0.995703
0.995659
0.995614
0.995569
0.995517
0.995472
0.995426
0.995378
0.995327
0.995278
0.995228
0.995178
0.995128
0.995075
0.995022
0.994971
0.994919
0.994865
0.994812
0.994754
0.994703
0.994649
0.994592
0.994535
0.994481
0.994424
0.994363
0.994304
0.99425
0.99419
0.994132
0.994072
0.994014
0.993952
0.993888
0.993825
0.993761
0.9937
0.993638
0.99357
0.993506
0.993439
0.993373
0.993306
0.993241
0.99317
0.993097
0.993025
0.992957
0.992888
0.992817
0.992748
0.992673
0.992596
0.99252
0.992446
0.992371
0.992292
0.992213
0.992132
0.992054
0.991979
0.991898
0.991819
0.991743
0.99166
0.991571
0.991479
0.991394
0.991308
0.991223
0.991135
0.991045
0.990959
0.990873
0.990783
0.990691
0.990598
0.990513
0.990416
0.990324
0.990229
0.990133
0.990034
0.989933
0.989837
0.989742
0.989644
0.989541
0.989441
0.989341
0.989232
0.989127
0.989024
0.988915
0.988812
0.988706
0.988596
0.988488
0.988378
0.988272
0.988162
0.988054
0.987939
0.987823
0.98771
0.98759
0.987472
0.987352
0.987232
0.987114
0.986993
0.986869
0.986753
0.986632
0.986506
0.986371
0.986245
0.986118
0.985981
0.985849
0.985715
0.985579
0.985444
0.985303
0.985171
0.985034
0.984896
0.984753
0.984611
0.984468
0.984333
0.984187
0.984035
0.983895
0.983744
0.983595
0.983445
0.983292
0.983139
0.982981
0.982819
0.982661
0.982493
0.982331
0.982163
0.982
0.981821
0.981659
0.981499
0.981326
0.981159
0.980986
0.980808
0.98063
0.980458
0.980291
0.980116
0.979935
0.979751
0.979574
0.97939
0.979205
0.979016
0.978824
0.978632
0.97844
0.978247
0.978059
0.977874
0.977681
0.977483
0.977282
0.97708
0.976882
0.976681
0.97647
0.976267
0.976062
0.975851
0.975638
0.97543
0.975222
0.974998
0.974785
0.974561
0.974337
0.974113
0.97388
0.973655
0.973426
0.973189
0.972951
0.972714
0.972477
0.972239
0.972
0.971758
0.971518
0.971278
0.971034
0.970785
0.970535
0.970294
0.970043
0.96979
0.969543
0.969287
0.969021
0.968754
0.968487
0.968224
0.967959
0.967691
0.967414
0.967135
0.966855
0.966578
0.9663
0.966018
0.965738
0.965455
0.965161
0.964867
0.964576
0.964278
0.963979
0.963677
0.963368
0.963062
0.962748
0.962436
0.962129
0.961815
0.961496
0.961181
0.960854
0.960524
0.960194
0.959852
0.959509
0.959165
0.95882
0.958473
0.958118
0.957762
0.9574
0.957043
0.956685
0.956326
0.955957
0.955592
0.955233
0.95486
0.954483
0.954108
0.953742
0.953364
0.952977
0.952585
0.952195
0.95181
0.951412
0.951014
0.950621
0.950224
0.949826
0.949418
0.949017
0.948605
0.948192
0.947776
0.947354
0.94693
0.946508
0.946065
0.945642
0.945213
0.944773
0.944334
0.943893
0.943454
0.94301
0.942565
0.942104
0.941638
0.941189
0.940741
0.940294
0.939831
0.939367
0.938895
0.938436
0.937958
0.937486
0.937014
0.936529
0.936044
0.935559
0.935088
0.9346
0.934113
0.933615
0.933121
0.932626
0.932135
0.931645
0.931151
0.930651
0.930143
0.929635
0.929133
0.928619
0.928106
0.927575
0.92706
0.926541
0.926009
0.925495
0.924965
0.924441
0.923925
0.923399
0.922866
0.922352
0.921821
0.921303
0.920772
0.92025
0.919709
0.919181
0.918651
0.918109
0.917571
0.917042
0.916495
0.915945
0.915395
0.91485
0.914306
0.913758
0.913224
0.91268
0.91214
0.911599
0.911042
0.910491
0.909934
0.909384
0.908835
0.908273
0.907714
0.90715
0.906597
0.906059
0.905512
0.904955
0.904395
0.903845
0.903299
0.902734
0.902193
0.901628
0.90107
0.90051
0.899953
0.899397
0.898831
0.89827
0.897701
0.897147
0.89659
0.896027
0.895466
0.894909
0.894339
0.893778
0.893221
0.892645
0.892082
0.891508
0.890938
0.89038
0.889806
0.88923
0.888663
0.888093
0.887529
0.886954
0.886384
0.885798
0.885254
0.884693
0.884125
0.88356
0.882994
0.882414
0.881839
0.881282
0.880701
0.880132
0.879561
0.878994
0.878421
0.877843
0.877265
0.876683
0.876125
0.875559
0.87497
0.874394
0.873811
0.873232
0.872661
0.872079
0.871494
0.870916
0.870329
0.869762
0.869176
0.868604
0.868018
0.867457
0.866879
0.866313
0.865755
0.865188
0.864622
0.864049
0.863459
0.862865
0.862295
0.861715
0.86114
0.860563
0.859993
0.859426
0.858851
0.858273
0.857698
0.857128
0.856565
0.855992
0.855416
0.854841
0.85428
0.853713
0.853145
0.85256
0.851992
0.851417
0.850862
0.850278
0.849703
0.849128
0.848555
0.847976
0.847408
0.846841
0.846286
0.84573
0.845159
0.844576
0.844001
0.843426
0.842869
0.842305
0.841728
0.841156
0.840573
0.839999
0.839423
0.838852
0.838273
0.837704
0.837135
0.836555
0.835981
0.835402
0.834834
0.83426
0.833681
0.833112
0.832537
0.831959
0.831382
0.830799
0.830228
0.829638
0.829062
0.828486
0.827924
0.827354
0.826776
0.826203
0.825625
0.825051
0.82446
0.823877
0.823308
0.82272
0.822135
0.821555
0.820964
0.820392
0.819816
0.819226
0.818655
0.818071
0.817478
0.816901
0.816327
0.815762
0.815172
0.814586
0.814015
0.813431
0.812857
0.812274
0.811686
0.811105
0.810518
0.809928
0.809358
0.808789
0.80822
0.807637
0.807062
0.806488
0.805904
0.805328
0.804755
0.804172
0.803604
0.803026
0.802449
0.801862
0.801303
0.800739
0.800172
0.799591
0.799012
0.798438
0.797869
0.797303
0.796719
0.796145
0.795576
0.795008
0.794433
0.79386
0.793289
0.792725
0.792163
0.791597
0.791008
0.790433
0.789861
0.789286
0.788696
0.788132
0.787558
0.786987
0.786422
0.785848
0.78527
0.784703
0.784131
0.783549
0.78298
0.782397
0.781836
0.78126
0.780673
0.780092
0.779521
0.778956
0.778367
0.777786
0.777209
0.776649
0.776088
0.775497
0.774928
0.774346
0.773769
0.773184
0.772623
0.772045
0.77147
0.770892
0.770325
0.769761
0.769176
0.768605
0.768031
0.767453
0.766879
0.766286
0.765711
0.765131
0.764553
0.763987
0.763415
0.762838
0.762251
0.761675
0.7611
0.760523
0.759942
0.75936
0.758778
0.758179
0.757616
0.757043
0.756469
0.755905
0.755327
0.75475
0.754183
0.753603
0.753021
0.752436
0.751855
0.751283
0.750718
0.750136
0.749556
0.748976
0.748399
0.747823
0.747232
0.746653
0.746076
0.745486
0.744904
0.744337
0.74377
0.743184
0.742604
0.742019
0.741433
0.740855
0.740274
0.739688
0.739094
0.738512
0.737921
0.737337
0.736764
0.736183
0.735611
0.735036
0.734466
0.733868
0.733303
0.732724
0.732143
0.731568
0.730987
0.730399
0.729818
0.729254
0.728675
0.728089
0.727499
0.726921
0.726348
0.725773
0.72518
0.724619
0.724039
0.723465
0.722886
0.722292
0.72171
0.721138
0.720571
0.719977
0.719387
0.718794
0.718193
0.717618
0.717031
0.716449
0.71587
0.715278
0.714682
0.714104
0.713527
0.71294
0.712356
0.711771
0.711183
0.710601
0.71001
0.709419
0.708831
0.708263
0.707683
0.707103
0.706521
0.705936
0.705352
0.704774
0.7042
0.703624
0.703053
0.702481
0.701899
0.701311
0.700723
0.700138
0.699538
0.698944
0.698361
0.697763
0.697176
0.696595
0.696004
0.695398
0.694808
0.694211
0.693623
0.693026
0.692442
0.691854
0.691265
0.69068
0.690075
0.689488
0.688899
0.688317
0.687739
0.687158
0.686572
0.685983
0.685393
0.684797
0.684218
0.683618
0.683039
0.682451
0.681869
0.681296
0.680707
0.680108
0.679517
0.67893
0.678332
0.677747
0.677157
0.676585
0.676013
0.675429
0.674834
0.67424
0.673651
0.673053
0.672463
0.671884
0.671304
0.67073
0.670154
0.669577
0.668984
0.668407
0.66781
0.667223
0.666633
0.666055
0.665479
0.664899
0.66431
0.663739
0.663158
0.662563
0.661974
0.661378
0.660792
0.660211
0.65963
0.659047
0.658476
0.657895
0.657311
0.656734
0.656164
0.655579
0.655003
0.654412
0.653844
0.653273
0.652682
0.652108
0.651525
0.650932
0.650354
0.649768
0.649186
0.6486
0.648021
0.647438
0.646848
0.646276
0.645687
0.645117
0.644526
0.64395
0.643364
0.642779
0.642187
0.641607
0.64102
0.640433
0.639844
0.639275
0.638696
0.638108
0.637517
0.636928
0.636336
0.635755
0.635164
0.634567
0.634002
0.633421
0.632839
0.632263
0.631682
0.631128
0.630536
0.629949
0.629373
0.628779
0.628198
0.627612
0.627025
0.62644
0.625839
0.625249
0.624674
0.624086
0.623496
0.622923
0.622323
0.621721
0.621122
0.620526
0.619913
0.619313
0.618731
0.618139
0.617547
0.616957
0.616361
0.61577
0.615171
0.614579
0.613991
0.613405
0.612804
0.61222
0.611636
0.611031
0.610452
0.609864
0.609283
0.6087
0.608108
0.607525
0.60693
0.606331
0.605748
0.605156
0.604567
0.603983
0.603392
0.602813
0.602228
0.601636
0.601044
0.600458
0.599868
0.599295
0.598712
0.598117
0.597527
0.596934
0.596342
0.595745
0.595156
0.594559
0.593966
0.593379
0.592806
0.592213
0.591628
0.591034
0.59045
0.589868
0.589292
0.5887
0.588117
0.587526
0.586938
0.586341
0.585739
0.58515
0.584553
0.583969
0.583374
0.582792
0.582195
0.581607
0.58102
0.580428
0.579843
0.579267
0.578677
0.578079
0.577469
0.57688
0.576278
0.575678
0.575077
0.574487
0.57389
0.573291
0.572689
0.5721
0.571501
0.570901
0.570296
0.569711
0.569124
0.568524
0.567929
0.56733
0.566748
0.566157
0.565556
0.564957
0.564365
0.563764
0.563155
0.562558
0.561972
0.561358
0.560774
0.560172
0.559567
0.558961
0.558349
0.557757
0.557143
0.556547
0.555942
0.555359
0.554763
0.55416
0.553554
0.552947
0.552347
0.551753
0.551148
0.550551
0.549961
0.549371
0.548767
0.548167
0.54756
0.546964
0.546363
0.545771
0.545175
0.544569
0.543961
0.543364
0.542764
0.542181
0.54159
0.540999
0.540404
0.539808
0.539209
0.538609
0.53801
0.53741
0.536801
0.536214
0.53563
0.535027
0.534436
0.533844
0.533258
0.532657
0.532072
0.531481
0.530885
0.530293
0.52971
0.529127
0.528542
0.527945
0.527364
0.526774
0.526191
0.525591
0.525015
0.524417
0.523821
0.523242
0.522643
0.522047
0.521465
0.520877
0.520289
0.519693
0.519119
0.518542
0.517952
0.517366
0.516788
0.516187
0.515598
0.515012
0.514423
0.513841
0.513239
0.512648
0.512055
0.511448
0.510848
0.510274
0.509682
0.509076
0.508492
0.507904
0.5073
0.506712
0.506133
0.505531
0.50493
0.504341
0.503746
0.503157
0.502553
0.501959
0.501369
0.50079
0.500198
0.499607
0.499016
0.498425
0.497834
0.497248
0.496657
0.496071
0.495482
0.494876
0.494289
0.493695
0.493104
0.492516
0.49193
0.491344
0.490748
0.490152
0.489556
0.488981
0.488397
0.487798
0.487207
0.486613
0.486022
0.48543
0.484848
0.484255
0.483682
0.483099
0.482514
0.481932
0.481344
0.480757
0.480157
0.479569
0.478971
0.478373
0.477775
0.477184
0.476588
0.475994
0.475416
0.474835
0.474243
0.473658
0.47307
0.472477
0.471883
0.471297
0.470715
0.470123
0.46953
0.468938
0.468344
0.467751
0.467154
0.466569
0.465977
0.465375
0.464777
0.464188
0.463601
0.463004
0.462418
0.461827
0.461233
0.460656
0.460059
0.459482
0.458902
0.458307
0.457722
0.457108
0.456516
0.455933
0.455344
0.454754
0.45416
0.45356
0.45297
0.452383
0.451788
0.451197
0.450611
0.450026
0.449429
0.44884
0.448239
0.447641
0.44705
0.446453
0.445854
0.445259
0.444664
0.444074
0.443487
0.442899
0.442307
0.441727
0.441132
0.440536
0.439956
0.439371
0.438786
0.438205
0.437612
0.437017
0.436427
0.435838
0.435247
0.434664
0.434086
0.433488
0.432889
0.432299
0.431709
0.431119
0.430527
0.429935
0.429343
0.428755
0.428162
0.427561
0.42698
0.426375
0.425777
0.425186
0.424581
0.423992
0.423409
0.422813
0.422225
0.421628
0.421045
0.420458
0.419867
0.419286
0.418686
0.418084
0.41749
0.4169
0.4163
0.415711
0.41513
0.414553
0.41396
0.413362
0.412772
0.412176
0.411591
0.411001
0.410406
0.409812
0.409223
0.408632
0.408045
0.407452
0.406852
0.40626
0.405673
0.405073
0.404477
0.403893
0.403313
0.402727
0.402132
0.401532
0.400944
0.400349
0.399749
0.399144
0.398541
0.39795
0.397369
0.39678
0.396185
0.395593
0.395011
0.394413
0.393808
0.393224
0.392621
0.392032
0.391439
0.390827
0.390238
0.389636
0.389044
0.388441
0.38785
0.387251
0.386653
0.386049
0.385458
0.384867
0.384282
0.383686
0.383097
0.382525
0.381938
0.381347
0.380762
0.380186
0.379613
0.379016
0.378415
0.377817
0.377236
0.376636
0.376049
0.375463
0.374873
0.374291
0.373714
0.37313
0.372527
0.37193
0.371346
0.370765
0.37018
0.369601
0.369011
0.368424
0.367844
0.367239
0.36665
0.366066
0.365481
0.364892
0.364308
0.363712
0.363109
0.362523
0.36194
0.361337
0.360737
0.360155
0.359564
0.358976
0.358402
0.357806
0.357224
0.356628
0.356031
0.355434
0.354837
0.354249
0.353667
0.353082
0.352496
0.351903
0.351323
0.350734
0.350144
0.349554
0.348954
0.348366
0.347765
0.347179
0.346589
0.345999
0.345385
0.344794
0.3442
0.343604
0.343012
0.342422
0.341821
0.341233
0.340645
0.340046
0.33945
0.338852
0.338256
0.337649
0.337046
0.336449
0.335857
0.335258
0.334666
0.334075
0.333487
0.332906
0.332305
0.331703
0.33112
0.330534
0.329928
0.329338
0.32874
0.328137
0.327545
0.326944
0.326347
0.325742
0.325144
0.324551
0.323948
0.323349
0.322769
0.322176
0.321591
0.320994
0.320391
0.319784
0.319187
0.318577
0.317994
0.317385
0.31677
0.316164
0.315567
0.314959
0.314359
0.313759
0.313152
0.312566
0.311974
0.311385
0.310795
0.310193
0.309598
0.308986
0.308391
0.307797
0.307185
0.306577
0.305973
0.305358
0.304751
0.304146
0.303532
0.302917
0.302313
0.30172
0.30112
0.300522
0.299918
0.29932
0.298695
0.298089
0.297485
0.296882
0.296278
0.295675
0.295055
0.294452
0.293837
0.293233
0.292616
0.292004
0.291387
0.290778
0.290169
0.289554
0.288958
0.288351
0.287744
0.287139
0.28653
0.285926
0.285302
0.284691
0.28407
0.283458
0.282852
0.282245
0.281652
0.281036
0.280418
0.27979
0.279178
0.278577
0.277965
0.277364
0.276744
0.276142
0.275535
0.274914
0.2743
0.27369
0.273065
0.272447
0.271845
0.271217
0.270597
0.269998
0.269382
0.26875
0.268122
0.267504
0.266889
0.266271
0.265633
0.265011
0.264394
0.263776
0.263158
0.262536
0.261922
0.261312
0.260685
0.260057
0.259428
0.2588
0.258165
0.257528
0.256917
0.25628
0.255661
0.255044
0.254408
0.253791
0.253175
0.252549
0.251931
0.251316
0.250692
0.250063
0.249432
0.248804
0.248178
0.247542
0.246919
0.246305
0.245676
0.245058
0.244432
0.243805
0.243182
0.24255
0.241904
0.241287
0.240655
0.240014
0.23938
0.238749
0.238116
0.237478
0.236861
0.236218
0.235571
0.234946
0.234314
0.233685
0.233053
0.232415
0.231774
0.231133
0.230489
0.229846
0.229201
0.228576
0.227955
0.227314
0.226674
0.226047
0.225413
0.224776
0.224137
0.223502
0.222873
0.222219
0.221578
0.220943
0.220303
0.219674
0.219028
0.218375
0.217735
0.2171
0.216451
0.215815
0.215161
0.214514
0.213867
0.213226
0.212583
0.211939
0.211295
0.21064
0.209992
0.209355
0.208711
0.208059
0.207406
0.206756
0.206106
0.205463
0.204797
0.204143
0.203502
0.202837
0.202189
0.201547
0.200915
0.20026
0.199616
0.198966
0.198323
0.197663
0.196997
0.196341
0.195695
0.195041
0.194375
0.19373
0.19309
0.192424
0.191786
0.19113
0.190466
0.189808
0.189139
0.188467
0.187814
0.187139
0.186468
0.185803
0.18513
0.184465
0.183799
0.183129
0.182472
0.181811
0.181134
0.180467
0.179796
0.179126
0.178427
0.177749
0.177076
0.176399
0.175721
0.175035
0.174369
0.173677
0.172983
0.172305
0.171615
0.170928
0.170237
0.16955
0.168856
0.168154
0.167471
0.166761
0.166066
0.165373
0.164675
0.163985
0.163292
0.162598
0.161893
0.161177
0.160479
0.159779
0.159062
0.158325
0.157613
0.156892
0.156161
0.155439
0.154721
0.154001
0.15328
0.152547
0.151812
0.151081
0.150351
0.149614
0.148876
0.148137
0.147395
0.146652
0.145912
0.145166
0.144413
0.143666
0.142918
0.142171
0.141419
0.140667
0.139908
0.139154
0.138407
0.137644
0.13689
0.136129
0.135371
0.1346
0.133849
0.13307
0.132297
0.131515
0.130751
0.129973
0.129194
0.128416
0.127633
0.126841
0.126065
0.12529
0.124508
0.123709
0.122903
0.122092
0.121292
0.120504
0.119699
0.118904
0.118108
0.117301
0.1165
0.115682
0.114857
0.114032
0.113219
0.112398
0.111562
0.110733
0.109908
0.109076
0.108255
0.107426
0.106601
0.105769
0.104953
0.104108
0.103259
0.102415
0.101585
0.100744
0.0999026
0.0990547
0.0982079
0.0973414
0.0964966
0.0956507
0.0947806
0.0939295
0.0930706
0.0922099
0.0913391
0.0904891
0.0896304
0.0887492
0.0878612
0.0869802
0.0861116
0.0852285
0.084339
0.083472
0.0826154
0.0817343
0.0808687
0.0799847
0.0791228
0.0782604
0.0773878
0.0765354
0.0756517
0.0747616
0.073892
0.0730217
0.0721375
0.0712652
0.0703776
0.0695058
0.0686467
0.0677736
0.0668891
0.0660245
0.0651563
0.0642908
0.0634357
0.0625886
0.0617269
0.0608668
0.0600062
0.0591494
0.0582949
0.0574448
0.0565908
0.0557434
0.0548872
0.054065
0.0532205
0.0523917
0.0515635
0.0507523
0.0499523
0.0491451
0.0483576
0.0475548
0.0467346
0.0459427
0.0451514
0.0443737
0.0435936
0.0428145
0.0420527
0.0412854
0.0405245
0.0397751
0.0390216
0.038276
0.0375559
0.0368259
0.0361058
0.0353952
0.0346891
0.0339709
0.0332706
0.0325994
0.0319052
0.0312419
0.0305868
0.0299384
0.0292894
0.0286517
0.0280303
0.0273975
0.0267668
0.0261583
0.0255432
0.0249539
0.0243734
0.0238107
0.0232472
0.0226913
0.0221439
0.0215987
0.0210655
0.0205308
0.0200147
0.0195115
0.0190089
0.0185158
0.0180252
0.0175354
0.017061
0.0165959
0.0161451
0.0156926
0.0152508
0.0148263
0.0143954
0.0139683
0.0135539
0.0131583
0.012763
0.0123815
0.0120032
0.0116425
0.0112826
0.0109177
0.0105702
0.0102315
0.00989066
0.00956844
0.00924797
0.00892914
0.00861073
0.00833072
0.0080365
0.00775185
0.0074742
0.00720706
0.00694938
0.00669109
0.00644165
0.00619994
0.00595945
0.00572885
0.00551009
0.00527877
0.00507165
0.00485762
0.0046579
0.00445819
0.00426753
0.00408419
0.00390599
0.00373376
0.00356492
0.00340124
0.00324929
0.00309642
0.00294889
0.00280961
0.00267578
0.00254174
0.00241316
0.00229549
0.00218277
0.00206932
0.00195793
0.00185241
0.00174967
0.00165774
0.00156653
0.0014779
0.00139379
0.00131473
0.00123772
0.00116792
0.00109545
0.00102431
0.000960488
0.000899338
0.00084313
0.0007897
0.000737918
0.00068696
0.00064084
0.000599662
0.00055941
0.000521114
0.000486009
0.000453787
0.000421565
0.000388622
0.000358768
0.00033406
0.000309868
0.000286396
0.000263851
0.000245733
0.000225864
0.000207951
0.000192304
0.000178303
0.000162861
0.000150404
0.000138566
0.000128477
0.000119212
0.000110873
0.000101608
9.40928e-05
8.74013e-05
8.02981e-05
7.43272e-05
6.77386e-05
6.23854e-05
5.7341e-05
5.34291e-05
4.96201e-05
4.65317e-05
4.31345e-05
4.04579e-05
3.77813e-05
3.54135e-05
3.15015e-05
2.85161e-05
2.71778e-05
2.47071e-05
2.20305e-05
2.07951e-05
1.88392e-05
1.73979e-05
1.63684e-05
1.50301e-05
1.38977e-05
1.27653e-05
1.22506e-05
1.12211e-05
1.07064e-05
1.06035e-05
1.02946e-05
9.67694e-06
9.16221e-06
9.05927e-06
8.44159e-06
7.51507e-06
6.6915e-06
6.17677e-06
5.66204e-06
5.3532e-06
4.83847e-06
4.22079e-06
3.91196e-06
3.70606e-06
2.98544e-06
2.88249e-06
2.88249e-06
2.77955e-06
2.36776e-06
2.36776e-06
2.36776e-06
2.26482e-06
1.85303e-06
1.75009e-06
1.54419e-06
1.23535e-06
1.23535e-06
1.13241e-06
9.26516e-07
7.20624e-07
6.17677e-07
6.17677e-07
6.17677e-07
6.17677e-07
6.17677e-07
3.08839e-07
2.05892e-07
1.02946e-07
0
0
0
0
0
0
0
0
0
0
0
0
0
0
0
0
0
0
0
0
0
0
0
0
0
0
0
0
0
0
0
0
0
0
0
0
0
0
0
0
0
0
0
0
0
0
0
0
0
0
0
0
0
0
0
0
0
0
0
0
0
0
0
0
0
0
0
0
0
0
0
0
0
0
0
0
0
0
0
0
0
0
0
0
0
0
0
0
0
0
0
0
0
0
0
0
0
0
0
0
0
0
0
0
0
0
0
0
0
0
0
0
0
0
0
0
0
0
0
0
0
0
0
0
0
0
0
0
0
0
0
0
0
0
0
0
0
0
0
0
0
0
0
0
0
0
0
0
0
0
0
0
0
0
0
0
0
0
0
0
0
0
0
0
0
0
0
0
0
0
0
0
0
0
0
0
0
0
0
0
0
0
0
0
0
0
0
0
0
0
0
0
0
0
0
0
0
0
0
0
0
0
0
0
0
0
0
0
0
0
0
0
0
0
0
0
0
0
0
0
0
0
0
0
0
0
0
0
0
0
0
0
0
0
0
0
0
0
0
0
0
0
0
0
0
0
0
0
0
0
0
0
0
0
0
0
0
0
0
0
0
0
0
0
0
0
0
0
0
0
0
0
0
0
0
0
0
0
0
0
0
0
0
0
0
0
0
0
0
0
0
0
0
0
0
0
0
0
0
0
0
0
0
0
0
0
0
0
0
0
0
0
0
0
0
0
0
0
0
0
0
0
0
0
0
0
0
0
0
0
0
0
0
0
0
0
0
0
0
0
0
0
0
0
0
0
0
0
0
0
0
0
0
0
0
0
0
0
0
0
0
0
0
0
0
0
0
0
0
0
0
0
0
0
0
0
0
0
0
0
0
0
0
0
0
0
0
0
0
0
0
0
0
0
0
0
0
0
0
0
0
0
0
0
0
0
0
0
0
0
0
0
0
0
0
0
0
0
0
0
0
0
0
0
0
0
0
0
0
0
0
0
0
0
0
0
0
0
0
0
0
0
0
0
0
0
0
0
0
0
0
0
0
0
0
0
0
0
0
0
0
0
0
0
0
0
0
0
0
0
0
0
0
0
0
0
0
0
0
0
0
0
0
0
0
0
0
0
0
0
0
0
0
0
0
0
0
0
0
0
0
0
0
0
0
0
0
0
0
0
0
0
0
0
0
0
0
0
0
0
0
0
0
0
0
0
0
0
0
0
0
0
0
0
0
0
0
0
0
0
0
0
0
0
0
0
0
0
0
0
0
0
0
0
0
0
0
0
0
0
0
0
0
0
0
0
0
0
0
0
0
0
0
0
0
0
0
0
0
0
0
0
0
0
0
0
0
0
0
0
0
0
0
0
0
0
0
0
0
0
0
0
0
0
0
0
0
0
0
0
0
0
0
0
0
0
0
0
0
0
0
0
0
0
0
0
0
0
0
0
0
0
0
0
0
0
0
0
0
0
0
0
0
0
0
0
0
0
0
0
0
0
0
0
0
0
0
0
0
0
0
0
0
0
0
0
0
0
0
0
0
0
0
0
0
0
0
0
0
0
0
0
0
0
0
0
0
0
0
0
0
0
0
0
0
0
0
0
0
0
0
0
0
0
0
0
0
0
0
0
0
0
0
0
0
0
0
0
0
0
0
0
0
0
0
0
0
0
0
0
0
0
0
0
0
0
0
0
0
0
0
0
0
0
0
0
0
0
0
0
0
0
0
0
0
0
0
0
0
0
0
0
0
0
0
0
0
0
0
0
0
0
0
0
0
0
0
0
0
0
0
0
0
0
0
0
0
0
0
0
0
0
0
0
0
0
0
0
0
0
0
0
0
0
0
0
0
0
0
0
0
0
0
0
0
0
0
0
0
0
0
0
0
0
0
0
0
0
0
0
0
0
0
0
0
0
0
0
0
0
0
0
0
0
0
0
0
0
0
0
0
0
0
0
0
0
0
0
0
0
0
0
0
0
0
0
0
0
0
0
0
0
0
0
0
0
0
0
0
0
0
0
0
0
0
0
0
0
0
0
0
0
0
0
0
0
0
0
0
0
0
0
0
0
0
0
0
0
0
0
0
0
0
0
0
0
0
0
0
0
0
0
0
0
0
0
0
0
0
0
0
0
0
0
0
0
0
0
0
0
0
0
0
0
0
0
0
0
0
0
0
0
0
0
0
0
0
0
0
0
0
0
0
0
0
0
0
0
0
0
0
0
0
0
0
0
0
0
0
0
0
0
0
0
0
0
0
0
0
0
0
0
0
0
0
0
0
0
0
0
0
0
0
0
0
0
0
0
0
0
0
0
0
0
0
0
0
0
0
0
0
0
0
0
0
0
0
0
0
0
0
0
0
0
0
0
0
0
0
0
0
0
0
0
0
0
0
0
0
0
0
0
0
0
0
0
0
0
0
0
0
0
0
0
0
0
0
0
0
0
0
0
0
0
0
0
0
0
0
0
0
0
0
0
0
0
0
0
0
0
0
0
0
0
0
0
0
0
0
0
0
0
0
0
0
0
0
0
0
0
0
0
0
0
0
0
0
0
0
0
0
0
0
0
0
0
0
0
0
0
0
0
0
0
0
0
0
0
0
0
0
0
0
0
0
0
0
0
0
0
0
0
0
0
0
0
0
0
0
0
0
0
0
0
0
0
0
0
0
0
0
0
0
0
0
0
0
0
0
0
0
0
0
0
0
0
0
0
0
0
0
0
0
0
0
0
0
0
0
0
0
0
0
0
0
0
0
0
0
0
0
0
0
0
0
0
0
0
0
0
0
0
0
0
0
0
0
0
0
0
0
0
0
0
0
0
0
0
0
0
0
0
0
0
0
0
0
0
0
0
0
0
0
0
0
0
0
0
0
0
0
0
0
0
0
0
0
0
0
0
0
0
0
0
0
0
0
0
0
0
0
0
0
0
0
0
0
0
0
0
0
0
0
0
0
0
0
0
0
0
0
0
0
0
0
0
0
0
0
0
0
0
0
0
0
0
0
0
0
0
0
0
0
0
0
0
0
0
0
0
0
0
0
0
0
0
0
0
0
0
0
0
0
0
0
0
0
0
0
0
0
0
0
0
0
0
0
0
0
0
0
0
0
0
0
0
0
0
0
0
0
0
0
0
0
0
0
0
0
0
0
0
0
0
0
0
0
0
0
0
0
0
0
0
0
0
0
0
0
0
0
0
0
0
0
0
0
0
0
0
0
0
0
0
0
0
0
0
0
0
0
0
0
0
0
0
0
0
0
0
0
0
0
0
0
0
0
0
0
0
0
0
0
0
0
0
0
0
0
0
0
0
0
0
0
0
0
0
0
0
0
0
0
0
0
0
0
0
0
0
0
0
0
0
0
0
0
0
0
0
0
0
0
0
0
0
0
0
0
0
0
0
0
0
0
0
0
0
0
0
0
0
0
0
0
0
0
0
0
0
0
0
0
0
0
0
0
0
0
0
0
0
0
0
0
0
0
0
0
0
0
0
0
0
0
0
0
0
0
0
0
0
0
0
0
0
0
0
0
0
0
0
0
0
0
0
0
0
0
0
0
0
0
0
0
0
0
0
0
0
0
0
0
0
0
0
0
0
0
0
0
0
0
0
0
0
0
0
0
0
0
0
0
0
0
0
0
0
0
0
0
0
0
0
0
0
0
0
0
0
0
0
0
0
0
0
0
0
0
0
0
0
0
0
0
0
0
0
0
0
0
0
0
0
0
0
0
0
0
0
0
0
0
0
0
0
0
0
0
0
0
0
0
0
0
0
0
0
0
0
0
0
0
0
0
0
0
0
0
0
0
0
0
0
0
0
0
0
0
0
0
0
0
0
0
0
0
0
0
0
0
0
0
0
0
0
0
0
0
0
0
0
0
0
0
0
0
0
0
0
0
0
0
0
0
0
0
0
0
0
0
0
0
0
0
0
0
0
0
0
0
0
0
0
0
0
0
0
0
0
0
0
0
0
0
0
0
0
0
0
0
0
0
0
0
0
0
0
0
0
0
0
0
0
0
0
0
0
0
0
0
0
0
0
0
0
0
0
0
0
0
0
0
0
0
0
0
0
0
0
0
0
0
0
0
0
0
0
0
0
0
0
0
0
0
0
0
0
0
0
0
0
0
0
0
0
0
0
0
0
0
0
0
0
0
0
0
0
0
0
0
0
0
0
0
0
0
0
0
0
0
0
0
0
0
0
0
0
0
0
0
0
0
0
0
0
0
0
0
0
0
0
0
0
0
0
0
0
0
0
0
0
0
0
0
0
0
0
0
0
0
0
0
0
0
0
0
0
0
0
0
0
0
0
0
0
0
0
0
0
0
0
0
0
0
0
0
0
0
0
0
0
0
0
0
0
0
0
0
0
0
0
0
0
0
0
0
0
0
0
0
0
0
0
0
0
0
0
0
0
0
0
0
0
0
0
0
0
0
0
0
0
0
0
0
0
0
0
0
0
0
0
0
0
0
0
0
0
0
0
0
0
0
0
0
0
0
0
0
0
0
0
0
0
0
0
0
0
0
0
0
0
0
0
0
0
0
0
0
0
0
0
0
0
0
0
0
0
0
0
0
0
0
0
0
0
0
0
0
0
0
0
0
0
0
0
0
0
0
0
0
0
0
0
0
0
0
0
0
0
0
0
0
0
0
0
0
0
0
0
0
0
0
0
0
0
0
0
0
0
0
0
0
0
0
0
0
0
0
0
0
0
0
0
0
0
0
0
0
0
0
0
0
0
0
0
0
0
0
0
0
0
0
0
0
0
0
0
0
0
0
0
0
0
0
0
0
0
0
0
0
0
0
0
0
0
0
0
0
0
0
0
0
0
0
0
0
0
0
0
0
0
0
0
0
0
0
0
0
0
0
0
0
0
0
0
0
0
0
0
0
0
0
0
0
0
0
0
0
0
0
0
0
0
0
0
0
0
0
0
0
0
0
0
0
0
0
0
0
0
0
0
0
0
0
0
0
0
0
0
0
0
0
0
0
0
0
0
0
0
0
0
0
0
0
0
0
0
0
0
0
0
0
0
0
0
0
0
0
0
0
0
0
0
0
0
0
0
0
0
0
0
0
0
0
0
0
0
0
0
0
0
0
0
0
0
0
0
0
0
0
0
0
0
0
0
0
0
0
0
0
0
0
0
0
0
0
0
0
0
0
0
0
0
0
0
0
0
0
0
0
0
0
0
0
0
0
0
0
0
0
0
0
0
0
0
0
0
0
0
0
0
0
0
0
0
0
0
0
0
0
0
0
0
0
0
0
0
0
0
0
0
0
0
0
0
0
0
0
0
0
0
0
0
0
0
0
0
0
0
0
0
0
0
0
0
0
0
0
0
0
0
0
0
0
0
0
0
0
0
0
0
0
0
0
0
0
0
0
0
0
0
0
0
0
0
0
0
0
0
0
0
0
0
0
0
0
0
0
0
0
0
0
0
0
0
0
0
0
0
0
0
0
0
0
0
0
0
0
0
0
0
0
0
0
0
0
0
0
0
0
0
0
0
0
0
0
0
0
0
0
0
0
0
0
0
0
0
0
0
0
0
0
0
0
0
0
0
0
0
0
0
0
0
0
0
0
0
0
0
0
0
0
0
0
0
0
0
0
0
0
0
0
0
0
0
0
0
0
0
0
0
0
0
0
0
0
0
0
0
0
0
0
0
0
0
0
0
0
0
0
0
0
0
0
0
0
0
0
0
0
0
0
0
0
0
0
0
0
0
0
0
0
0
0
0
0
0
0
0
0
0
0
0
0
0
0
0
0
0
0
0
0
0
0
0
0
0
0
0
0
0
0
0
0
0
0
0
0
0
0
0
0
0
0
0
0
0
0
0
0
0
0
0
0
0
0
0
0
0
0
0
0
0
0
0
0
0
0
0
0
0
0
0
0
0
0
0
0
0
0
0
0
0
0
0
0
0
0
0
0
0
0
0
0
0
0
0
0
0
0
0
0
0
0
0
0
0
0
0
0
0
0
0
0
0
0
0
0
0
0
0
0
0
0
0
0
0
0
0
0
0
0
0
0
0
0
0
0
0
0
0
0
0
0
0
0
0
0
0
0
0
0
0
0
0
0
0
0
0
0
0
0
0
0
0
0
0
0
0
0
0
0
0
0
0
0
0
0
0
0
0
0
0
0
0
0
0
0
0
0
0
0
0
0
0
0
0
0
0
0
0
0
0
0
0
0
0
0
0
0
0
0
0
0
0
0
0
0
0
0
0
0
0
0
0
0
0
0
0
0
0
0
0
0
0
0
0
0
0
0
0
0
0
0
0
0
0
0
0
0
0
0
0
0
0
0
0
0
0
0
0
0
0
0
0
0
0
0
0
0
0
0
0
0
0
0
0
0
0
0
0
0
0
0
0
0
0
0
0
0
0
0
0
0
0
0
0
0
0
0
0
0
0
0
0
0
0
0
0
0
0
0
0
0
0
0
0
0
0
0
0
0
0
0
0
0
0
0
0
0
0
0
0
0
0
0
0
0
0
0
0
0
0
0
0
0
0
0
0
0
0
0
0
0
0
0
0
0
0
0
0
0
0
0
0
0
0
0
0
0
0
0
0
0
0
0
0
0
0
0
0
0
0
0
0
0
0
0
0
0
0
0
0
0
0
0
0
0
0
0
0
0
0
0
0
0
0
0
0
0
0
0
0
0
0
0
0
0
0
0
0
0
0
0
0
0
0
0
0
0
0
0
0
0
0
0
0
0
0
0
0
0
0
0
0
0
0
0
0
0
0
0
0
0
0
0
0
0
0
0
0
0
0
0
0
0
0
0
0
0
0
0
0
0
0
0
0
0
0
0
0
0
0
0
0
0
0
0
0
0
0
0
0
0
0
0
0
0
0
0
0
0
0
0
0
0
0
0
0
0
0
0
0
0
0
0
0
0
0
0
0
0
0
0
0
0
0
0
0
0
0
0
0
0
0
0
0
0
0
0
0
0
0
0
0
0
0
0
0
0
0
0
0
0
0
0
0
0
0
0
0
0
0
0
0
0
0
0
0
0
0
0
0
0
0
0
0
0
0
0
0
0
0
0
0
0
0
0
0
0
0
0
0
0
0
0
0
0
0
0
0
0
0
0
0
0
0
0
0
0
0
0
0
0
0
0
0
0
0
0
0
0
0
0
0
0
0
0
0
0
0
0
0
0
0
0
0
0
0
0
0
0
0
0
0
0
0
0
0
0
0
0
0
0
0
0
0
0
0
0
0
0
0
0
0
0
0
0
0
0
0
0
0
0
0
0
0
0
0
0
0
0
0
0
0
0
0
0
0
0
0
0
0
0
0
0
0
0
0
0
0
0
0
0
0
0
0
0
0
0
0
0
0
0
0
0
0
0
0
0
0
0
0
0
0
0
0
0
0
0
0
0
0
0
0
0
0
0
0
0
0
0
0
0
0
0
0
0
0
0
0
0
0
0
0
0
0
0
0
0
0
0
0
0
0
0
0
0
0
0
0
0
0
0
0
0
0
0
0
0
0
0
0
0
0
0
0
0
0
0
0
0
0
0
0
0
0
0
0
0
0
0
0
0
0
0
0
0
0
0
0
0
0
0
0
0
0
0
0
0
0
0
0
0
0
0
0
0
0
0
0
0
0
0
0
0
0
0
0
0
0
0
0
0
0
0
0
0
0
0
0
0
0
0
0
0
0
0
0
0
0
0
0
0
0
0
0
0
0
0
0
0
0
0
0
0
0
0
0
0
0
0
0
0
0
0
0
0
0
0
0
0
0
0
0
0
0
0
0
0
0
0
0
0
0
0
0
0
0
0
0
0
0
0
0
0
0
0
0
0
0
0
0
0
0
0
0
0
0
0
0
0
0
0
0
0
0
0
0
0
0
0
0
0
0
0
0
0
0
0
0
0
0
0
0
0
0
0
0
0
0
0
0
0
0
0
0
0
0
0
0
0
0
0
0
0
0
0
0
0
0
0
0
0
0
0
0
0
0
0
0
0
0
0
0
0
0
0
0
0
0
0
0
0
0
0
0
0
0
0
0
0
0
0
0
0
0
0
0
0
0
0
0
0
0
0
0
0
0
0
0
0
0
0
0
0
0
0
0
0
0
0
0
0
0
0
0
0
0
0
0
0
0
0
0
0
0
0
0
0
0
0
0
0
0
0
0
0
0
0
0
0
0
0
0
0
0
0
0
0
0
0
0
0
0
0
0
0
0
0
0
0
0
0
0
0
0
0
0
0
0
0
0
0
0
0
0
0
0
0
0
0
0
0
0
0
0
0
0
0
0
0
0
0
0
0
0
0
0
0
0
0
0
0
0
0
0
0
0
0
0
0
0
0
0
0
0
0
0
0
0
0
0
0
0
0
0
0
0
0
0
0
0
0
0
0
0
0
0
0
0
0
0
0
0
0
0
0
0
0
0
0
0
0
0
0
0
0
0
0
0
0
0
0
0
0
0
0
0
0
0
0
0
0
0
0
0
0
0
0
0
0
0
0
0
0
0
0
0
0
0
0
0
0
0
0
0
0
0
0
0
0
0
0
0
0
0
0
0
0
0
0
0
0
0
0
0
0
0
0
0
0
0
0
0
0
0
0
0
0
0
0
0
0
0
0
0
0
0
0
0
0
0
0
0
0
0
0
0
0
0
0
0
0
0
0
0
0
0
0
0
0
0
0
0
0
0
0
0
0
0
0
0
0
0
0
0
0
0
0
0
0
0
0
0
0
0
0
0
0
0
0
0
0
0
0
0
0
0
0
0
0
0
0
0
0
0
0
0
0
0
0
0
0
0
0
0
0
0
0
0
0
0
0
0
0
0
0
0
0
0
0
0
0
0
0
0
0
0
0
0
0
0
0
0
0
0
0
0
0
0
0
0
0
0
0
0
0
0
0
0
0
0
0
0
0
0
0
0
0
0
0
0
0
0
0
0
0
0
0
0
0
0
0
0
0
0
0
0
0
0
0
0
0
0
0
0
0
0
0
0
0
0
0
0
0
0
0
0
0
0
0
0
0
0
0
0
0
0
0
0
0
0
0
0
0
0
0
0
0
0
0
0
0
0
0
0
0
0
0
0
0
0
0
0
0
0
0
0
0
0
0
0
0
0
0
0
0
0
0
0
0
0
0
0
0
0
0
0
0
0
0
0
0
0
0
0
0
0
0
0
0
0
0
0
0
0
0
0
0
0
0
0
0
0
0
0
0
0
0
0
0
0
0
0
0
0
0
0
0
0
0
0
0
0
0
0
0
0
0
0
0
0
0
0
0
0
0
0
0
0
0
0
0
0
0
0
0
0
0
0
0
0
0
0
0
0
0
0
0
0
0
0
0
0
0
0
0
0
0
0
0
0
0
0
0
0
0
0
0
0
0
0
0
0
0
0
0
0
0
0
0
0
0
0
0
0
0
0
0
0
0
0
0
0
0
0
0
0
0
0
0
0
0
0
0
0
0
0
0
0
0
0
0
0
0
0
0
0
0
0
0
0
0
0
0
0
0
0
0
0
0
0
0
0
0
0
0
0
0
0
0
0
0
0
0
0
0
0
0
0
0
0
0
0
0
0
0
0
0
0
0
0
0
0
0
0
0
0
0
0
0
0
0
0
0
0
0
0
0
0
0
0
0
0
0
0
0
0
0
0
0
0
0
0
0
0
0
0
0
0
0
0
0
0
0
0
0
0
0
0
0
0
0
0
0
0
0
0
0
0
0
0
0
0
0
0
0
0
0
0
0
0
0
0
0
0
0
0
0
0
0
0
0
0
0
0
0
0
0
0
0
0
0
0
0
0
0
0
0
0
0
0
0
0
0
0
0
0
0
0
0
0
0
0
0
0
0
0
0
0
0
0
0
0
0
0
0
0
0
0
0
0
0
0
0
0
0
0
0
0
0
0
0
0
0
0
0
0
0
0
0
0
0
0
0
0
0
0
0
0
0
0
0
0
0
0
0
0
0
0
0
0
0
0
0
0
0
0
0
0
0
0
0
0
0
0
0
0
0
0
0
0
0
0
0
0
0
0
0
0
0
0
0
0
0
0
0
0
0
0
0
0
0
0
0
0
0
0
0
0
0
0
0
0
0
0
0
0
0
0
0
0
0
0
0
0
0
0
0
0
0
0
0
0
0
0
0
0
0
0
0
0
0
0
0
0
0
0
0
0
0
0
0
0
0
0
0
0
0
0
0
0
0
0
0
0
0
0
0
0
0
0
0
0
0
0
0
0
0
0
0
0
0
0
0
0
0
0
0
0
0
0
0
0
0
0
0
0
0
0
0
0
0
0
0
0
0
0
0
0
0
0
0
0
0
0
0
0
0
0
0
0
0
0
0
0
0
0
0
0
0
0
0
0
0
0
0
0
0
0
0
0
0
0
0
0
0
0
0
0
0
0
0
0
0
0
0
0
0
0
0
0
0
0
0
0
0
0
0
0
0
0
0
0
0
0
0
0
0
0
0
0
0
0
0
0
0
0
0
0
0
0
0
0
0
0
0
0
0
0
0
0
0
0
0
0
0
0
0
0
0
0
0
0
0
0
0
0
0
0
0
0
0
0
0
0
0
0
0
0
0
0
0
0
0
0
0
0
0
0
0
0
0
0
0
0
0
0
0
0
0
0
0
0
0
0
0
0
0
0
0
0
0
0
0
0
0
0
0
0
0
0
0
0
0
0
0
0
0
0
0
0
0
0
0
0
0
0
0
0
0
0
0
0
0
0
0
0
0
0
0
0
0
0
0
0
0
0
0
0
0
0
0
0
0
0
0
0
0
0
0
0
0
0
0
0
0
0
0
0
0
0
0
0
0
0
0
0
0
0
0
0
0
0
0
0
0
0
0
0
0
0
0
0
0
0
0
0
0
0
0
0
0
0
0
0
0
0
0
0
0
0
0
0
0
0
0
0
0
0
0
0
0
0
0
0
0
0
0
0
0
0
0
0
0
0
0
0
0
0
0
0
0
0
0
0
0
0
0
0
0
0
0
0
0
0
0
0
0
0
0
0
0
0
0
0
0
0
0
0
0
0
0
0
0
0
0
0
0
0
0
0
0
0
0
0
0
0
0
0
0
0
0
0
0
0
0
0
0
0
0
0
0
0
0
0
0
0
0
0
0
0
0
0
0
0
0
0
0
0
0
0
0
0
0
0
0
0
0
0
0
0
0
0
0
0
0
0
0
0
0
0
0
0
0
0
0
0
0
0
0
0
0
0
0
0
0
0
0
0
0
0
0
0
0
0
0
0
0
0
0
0
0
0
0
0
0
0
0
0
0
0
0
0
0
0
0
0
0
0
0
0
0
0
0
0
0
0
0
0
0
0
0
0
0
0
0
0
0
0
0
0
0
0
0
0
0
0
0
0
0
0
0
0
0
0
0
0
0
0
0
0
0
0
0
0
0
0
0
0
0
0
0
0
0
0
0
0
0
0
0
0
0
0
0
0
0
0
0
0
0
0
0
0
0
0
0
0
0
0
0
0
0
0
0
0
0
0
0
0
0
0
0
0
0
0
0
0
0
0
0
0
0
0
0
0
0
0
0
0
0
0
0
0
0
0
0
0
0
0
0
0
0
0
0
0
0
0
0
0
0
0
0
0
0
0
0
0
0
0
0
0
0
0
0
0
0
0
0
0
0
0
0
0
0
0
0
0
0
0
0
0
0
0
0
0
0
0
0
0
0
0
0
0
0
0
0
0
0
0
0
0
0
0
0
0
0
0
0
0
0
0
0
0
0
0
0
0
0
0
0
0
0
0
0
0
0
0
0
0
0
0
0
0
0
0
0
0
0
0
0
0
0
0
0
0
0
0
0
0
0
0
0
0
0
0
0
0
0
0
0
0
0
0
0
0
0
0
0
0
0
0
0
0
0
0
0
0
0
0
0
0
0
0
0
0
0
0
0
0
0
0
0
0
0
0
0
0
0
0
0
0
0
0
0
0
0
0
0
0
0
0
0
0
0
0
0
0
0
0
0
0
0
0
0
0
0
0
0
0
0
0
0
0
0
0
0
0
0
0
0
0
0
0
0
0
0
0
0
0
0
0
0
0
0
0
0
0
0
0
0
0
0
0
0
0
0
0
0
0
0
0
0
0
0
0
0
0
0
0
0
0
0
0
0
0
0
0
0
0
0
0
0
0
0
0
0
0
0
0
0
0
0
0
0
0
0
0
0
0
0
0
0
0
0
0
0
0
0
0
0
0
0
0
0
0
0
0
0
0
0
0
0
0
0
0
0
0
0
0
0
0
0
0
0
0
0
0
0
0
0
0
0
0
0
0
0
0
0
0
0
0
0
0
0
0
0
0
0
0
0
0
0
0
0
0
0
0
0
0
0
0
0
0
0
0
0
0
0
0
0
0
0
0
0
0
0
0
0
0
0
0
0
0
0
0
0
0
0
0
0
0
0
0
0
0
0
0
0
0
0
0
0
0
0
0
0
0
0
0
0
0
0
0
0
0
0
0
0
0
0
0
0
0
0
0
0
0
0
0
0
0
0
0
0
0
0
0
0
0
0
0
0
0
0
0
0
0
0
0
0
0
0
0
0
0
0
0
0
0
0
0
0
0
0
0
0
0
0
0
0
0
0
0
0
0
0
0
0
0
0
0
0
0
0
0
0
0
0
0
0
0
0
0
0
0
0
0
0
0
0
0
0
0
0
0
0
0
0
0
0
0
0
0
0
0
0
0
0
0
0
0
0
0
0
0
0
0
0
0
0
0
0
0
0
0
0
0
0
0
0
0
0
0
0
0
0
0
0
0
0
0
0
0
0
0
0
0
0
0
0
0
0
0
0
0
0
0
0
0
0
0
0
0
0
0
0
0
0
0
0
0
0
0
0
0
0
0
0
0
0
0
0
0
0
0
0
0
0
0
0
0
0
0
0
0
0
0
0
0
0
0
0
0
0
0
0
0
0
0
0
0
0
0
0
0
0
0
0
0
0
0
0
0
0
0
0
0
0
0
0
0
0
0
0
0
0
0
0
0
0
0
0
0
0
0
0
0
0
0
0
0
0
0
0
0
0
0
0
0
0
0
0
0
0
0
0
0
0
0
0
0
0
0
0
0
0
0
0
0
0
0
0
0
0
0
0
0
0
0
0
0
0
0
0
0
0
0
0
0
0
0
0
0
0
0
0
0
0
0
0
0
0
0
0
0
0
0
0
0
0
0
0
0
0
0
0
0
0
0
0
0
0
0
0
0
0
0
0
0
0
0
0
0
0
0
0
0
0
0
0
0
0
0
0
0
0
0
0
0
0
0
0
0
0
0
0
0
0
0
0
0
0
0
0
0
0
0
0
0
0
0
0
0
0
0
0
0
0
0
0
0
0
0
0
0
0
0
0
0
0
0
0
0
0
0
0
0
0
0
0
0
0
0
0
0
0
0
0
0
0
0
0
0
0
0
0
0
0
0
0
0
0
0
0
0
0
0
0
0
0
0
0
0
0
0
0
0
0
0
0
0
0
0
0
0
0
0
0
0
0
0
0
0
0
0
0
0
0
0
0
0
0
0
0
0
0
0
0
0
0
0
0
0
0
0
0
0
0
0
0
0
0
0
0
0
0
0
0
0
0
0
0
0
0
0
0
0
0
0
0
0
0
0
0
0
0
0
0
0
0
0
0
0
0
0
0
0
0
0
0
0
0
0
0
0
0
0
0
0
0
0
0
0
0
0
0
0
0
0
0
0
0
0
0
0
0
0
0
0
0
0
0
0
0
0
0
0
0
0
0
0
0
0
0
0
0
0
0
0
0
0
0
0
0
0
0
0
0
0
0
0
0
0
0
0
0
0
0
0
0
0
0
0
0
0
0
0
0
0
0
0
0
0
0
0
0
0
0
0
0
0
0
0
0
0
0
0
0
0
0
0
0
0
0
0
0
0
0
0
0
0
0
0
0
0
0
0
0
0
0
0
0
0
0
0
0
0
0
0
0
0
0
0
0
0
0
0
0
0
0
0
0
0
0
0
0
0
0
0
0
0
0
0
0
0
0
0
0
0
0
0
0
0
0
0
0
0
0
0
0
0
0
0
0
0
0
0
0
0
0
0
0
0
0
0
0
0
0
0
0
0
0
0
0
0
0
0
0
0
0
0
0
0
0
0
0
0
0
0
0
0
0
0
0
0
0
0
0
0
0
0
0
0
0
0
0
0
0
0
0
0
0
0
0
0
0
0
0
0
0
0
0
0
0
0
0
0
0
0
0
0
0
0
0
0
0
0
0
0
0
0
0
0
0
0
0
0
0
0
0
0
0
0
0
0
0
0
0
0
0
0
0
0
0
0
0
0
0
0
0
0
0
0
0
0
0
0
0
0
0
0
0
0
0
0
0
0
0
0
0
0
0
0
0
0
0
0
0
0
0
0
0
0
0
0
0
0
0
0
0
0
0
0
0
0
0
0
0
0
0
0
0
0
0
0
0
0
0
0
0
0
0
0
0
0
0
0
0
0
0
0
0
0
0
0
0
0
0
0
0
0
0
0
0
0
0
0
0
0
0
0
0
0
0
0
0
0
0
0
0
0
0
0
0
0
0
0
0
0
0
0
0
0
0
0
0
0
0
0
0
0
0
0
0
0
0
0
0
0
0
0
0
0
0
0
0
0
0
0
0
0
0
0
0
0
0
0
0
0
0
0
0
0
0
0
0
0
0
0
0
0
0
0
0
0
0
0
0
0
0
0
0
0
0
0
0
0
0
0
0
0
0
0
0
0
0
0
0
0
0
0
0
0
0
0
0
0
0
0
0
0
0
0
0
0
0
0
0
0
0
0
0
0
0
0
0
0
0
0
0
0
0
0
0
0
0
0
0
0
0
0
0
0
0
0
0
0
0
0
0
0
0
0
0
0
0
0
0
0
0
0
0
0
0
0
0
0
0
0
0
0
0
0
0
0
0
0
0
0
0
0
0
0
0
0
0
0
0
0
0
0
0
0
0
0
0
0
0
0
0
0
0
0
0
0
0
0
0
0
0
0
0
0
0
0
0
0
0
0
0
0
0
0
0
0
0
0
0
0
0
0
0
0
0
0
0
0
0
0
0
0
0
0
0
0
0
0
0
0
0
0
0
0
0
0
0
0
0
0
0
0
0
0
0
0
0
0
0
0
0
0
0
0
0
0
0
0
0
0
0
0
0
0
0
0
0
0
0
0
0
0
0
0
0
0
0
0
0
0
0
0
0
0
0
0
0
0
0
0
0
0
0
0
0
0
0
0
0
0
0
0
0
0
0
0
0
0
0
0
0
0
0
0
0
0
0
0
0
0
0
0
0
0
0
0
0
0
0
0
0
0
0
0
0
0
0
0
0
0
0
0
0
0
0
0
0
0
0
0
0
0
0
0
0
0
0
0
0
0
0
0
0
0
0
0
0
0
0
0
0
0
0
0
0
0
0
0
0
0
0
0
0
0
0
0
0
0
0
0
0
0
0
0
0
0
0
0
0
0
0
0
0
0
0
0
0
0
0
0
0
0
0
0
0
0
0
0
0
0
0
0
0
0
0
0
0
0
0
0
0
0
0
0
0
0
0
0
0
0
0
0
0
0
0
0
0
0
0
0
0
0
0
0
0
0
0
0
0
0
0
0
0
0
0
0
0
0
0
0
0
0
0
0
0
0
0
0
0
0
0
0
0
0
0
0
0
0
0
0
0
0
0
0
0
0
0
0
0
0
0
0
0
0
0
0
0
0
0
0
0
0
0
0
0
0
0
0
0
0
0
0
0
0
0
0
0
0
0
0
0
0
0
0
0
0
0
0
0
0
0
0
0
0
0
0
0
0
0
0
0
0
0
0
0
0
0
0
0
0
0
0
0
0
0
0
0
0
0
0
0
0
0
0
0
0
0
0
0
0
0
0
0
0
0
0
0
0
0
0
0
0
0
0
0
0
0
0
0
0
0
0
0
0
0
0
0
0
0
0
0
0
0
0
0
0
0
0
0
0
0
0
0
0
0
0
0
0
0
0
0
0
0
0
0
0
0
0
0
0
0
0
0
0
0
0
0
0
0
0
0
0
0
0
0
0
0
0
0
0
0
0
0
0
0
0
0
0
0
0
0
0
0
0
0
0
0
0
0
0
0
0
0
0
0
0
0
0
0
0
0
0
0
0
0
0
0
0
0
0
0
0
0
0
0
0
0
0
0
0
0
0
0
0
0
0
0
0
0
0
0
0
0
0
0
0
0
0
0
0
0
0
0
0
0
0
0
0
0
0
0
0
0
0
0
0
0
0
0
0
0
0
0
0
0
0
0
0
0
0
0
0
0
0
0
0
0
0
0
0
0
0
0
0
0
0
0
0
0
0
0
0
0
0
0
0
0
0
0
0
0
0
0
0
0
0
0
0
0
0
0
0
0
0
0
0
0
0
0
0
0
0
0
0
0
0
0
0
0
0
0
0
0
0
0
0
0
0
0
0
0
0
0
0
0
0
0
0
0
0
0
0
0
0
0
0
0
0
0
0
0
0
0
0
0
0
0
0
0
0
0
0
0
0
0
0
0
0
0
0
0
0
0
0
0
0
0
0
0
0
0
0
0
0
0
0
0
0
0
0
0
0
0
0
0
0
0
0
0
0
0
0
0
0
0
0
0
0
0
0
0
0
0
0
0
0
0
0
0
0
0
0
0
0
0
0
0
0
0
0
0
0
0
0
0
0
0
0
0
0
0
0
0
0
0
0
0
0
0
0
0
0
0
0
0
0
0
0
0
0
0
0
0
0
0
0
0
0
0
0
0
0
0
0
0
0
0
0
0
0
0
0
0
0
0
0
0
0
0
0
0
0
0
0
0
0
0
0
0
0
0
0
0
0
0
0
0
0
0
0
0
0
0
0
0
0
0
0
0
0
0
0
0
0
0
0
0
0
0
0
0
0
0
0
0
0
0
0
0
0
0
0
0
0
0
0
0
0
0
0
0
0
0
0
0
0
0
0
0
0
0
0
0
0
0
0
0
0
0
0
0
0
0
0
0
0
0
0
0
0
0
0
0
0
0
0
0
0
0
0
0
0
0
0
0
0
0
0
0
0
0
0
0
0
0
0
0
0
0
0
0
0
0
0
0
0
0
0
0
0
0
0
0
0
0
0
0
0
0
0
0
0
0
0
0
0
0
0
0
0
0
0
0
0
0
0
0
0
0
0
0
0
0
0
0
0
0
0
0
0
0
0
0
0
0
0
0
0
0
0
0
0
0
0
0
0
0
0
0
0
0
0
0
0
0
0
0
0
0
0
0
0
0
0
0
0
0
0
0
0
0
0
0
0
0
0
0
0
0
0
0
0
0
0
0
0
0
0
0
0
0
0
0
0
0
0
0
0
0
0
0
0
0
0
0
0
0
0
0
0
0
0
0
0
0
0
0
0
0
0
0
0
0
0
0
0
0
0
0
0
0
0
0
0
0
0
0
0
0
0
0
0
0
0
0
0
0
0
0
0
0
0
0
0
0
0
0
0
0
0
0
0
0
0
0
0
0
0
0
0
0
0
0
0
0
0
0
0
0
0
0
0
0
0
0
0
0
0
0
0
0
0
0
0
0
0
0
0
0
0
0
0
0
0
0
0
0
0
0
0
0
0
0
0
0
0
0
0
0
0
0
0
0
0
0
0
0
0
0
0
0
0
0
0
0
0
0
0
0
0
0
0
0
0
0
0
0
0
0
0
0
0
0
0
0
0
0
0
0
0
0
0
0
0
0
0
0
0
0
0
0
0
0
0
0
0
0
0
0
0
0
0
0
0
0
0
0
0
0
0
0
0
0
0
0
0
0
0
0
0
0
0
0
0
0
0
0
0
0
0
0
0
0
0
0
0
0
0
0
0
0
0
0
0
0
0
0
0
0
0
0
0
0
0
0
0
0
0
0
0
0
0
0
0
0
0
0
0
0
0
0
0
0
0
0
0
0
0
0
0
0
0
0
0
0
0
0
0
0
0
0
0
0
0
0
0
0
0
0
0
0
0
0
0
0
0
0
0
0
0
0
0
0
0
0
0
0
0
0
0
0
0
0
0
0
0
0
0
0
0
0
0
0
0
0
0
0
0
0
0
0
0
0
0
0
0
0
0
0
0
0
0
0
0
0
0
0
0
0
0
0
0
0
0
0
0
0
0
0
0
0
0
0
0
0
0
0
0
0
0
0
0
0
0
0
0
0
0
0
0
0
0
0
0
0
0
0
0
0
0
0
0
0
0
0
0
0
0
0
0
0
0
0
0
0
0
0
0
0
0
0
0
0
0
0
0
0
0
0
0
0
0
0
0
0
0
0
0
0
0
0
0
0
0
0
0
0
0
0
0
0
0
0
0
0
0
0
0
0
0
0
0
0
0
0
0
0
0
0
0
0
0
0
0
0
0
0
0
0
0
0
0
0
0
0
0
0
0
0
0
0
0
0
0
0
0
0
0
0
0
0
0
0
0
0
0
0
0
0
0
0
0
0
0
0
0
0
0
0
0
0
0
0
0
0
0
0
0
0
0
0
0
0
0
0
0
0
0
0
0
0
0
0
0
0
0
0
0
0
0
0
0
0
0
0
0
0
0
0
0
0
0
0
0
0
0
0
0
0
0
0
0
0
0
0
0
0
0
0
0
0
0
0
0
0
0
0
0
0
0
0
0
0
0
0
0
0
0
0
0
0
0
0
0
0
0
0
0
0
0
0
0
0
0
0
0
0
0
0
0
0
0
0
0
0
0
0
0
0
0
0
0
0
0
0
0
0
0
0
0
0
0
0
0
0
0
0
0
0
0
0
0
0
0
0
0
0
0
0
0
0
0
0
0
0
0
0
0
0
0
0
0
0
0
0
0
0
0
0
0
0
0
0
0
0
0
0
0
0
0
0
0
0
0
0
0
0
0
0
0
0
0
0
0
0
0
0
0
0
0
0
0
0
0
0
0
0
0
0
0
0
0
0
0
0
0
0
0
0
0
0
0
0
0
0
0
0
0
0
0
0
0
0
0
0
0
0
0
0
0
0
0
0
0
0
0
0
0
0
0
0
0
0
0
0
0
0
0
0
0
0
0
0
0
0
0
0
0
0
0
0
0
0
0
0
0
0
0
0
0
0
0
0
0
0
0
0
0
0
0
0
0
0
0
0
0
0
0
0
0
0
0
0
0
0
0
0
0
0
0
0
0
0
0
0
0
0
0
0
0
0
0
0
0
0
0
0
0
0
0
0
0
0
0
0
0
0
0
0
0
0
0
0
0
0
0
0
0
0
0
0
0
0
0
0
0
0
0
0
0
0
0
0
0
0
0
0
0
0
0
0
0
0
0
0
0
0
0
0
0
0
0
0
0
0
0
0
0
0
0
0
0
0
0
0
0
0
0
0
0
0
0
0
0
0
0
0
0
0
0
0
0
0
0
0
0
0
0
0
0
0
0
0
0
0
0
0
0
0
0
0
0
0
0
0
0
0
0
0
0
0
0
0
0
0
0
0
0
0
0
0
0
0
0
0
0
0
0
0
0
0
0
0
0
0
0
0
0
0
0
0
0
0
0
0
0
0
0
0
0
0
0
0
0
0
0
0
0
0
0
0
0
0
0
0
0
0
0
0
0
0
0
0
0
0
0
0
0
0
0
0
0
0
0
0
0
0
0
0
0
0
0
0
0
0
0
0
0
0
0
0
0
0
0
0
0
0
0
0
0
0
0
0
0
0
0
0
0
0
0
0
0
0
0
0
0
0
0
0
0
0
0
0
0
0
0
0
0
0
0
0
0
0
0
0
0
0
0
0
0
0
0
0
0
0
0
0
0
0
0
0
0
0
0
0
0
0
0
0
0
0
0
0
0
0
0
0
0
0
0
0
0
0
0
0
0
0
0
0
0
0
0
0
0
0
0
0
0
0
0
0
0
0
0
0
0
0
0
0
0
0
0
0
0
0
0
0
0
0
0
0
0
0
0
0
0
0
0
0
0
0
0
0
0
0
0
0
0
0
0
0
0
0
0
0
0
0
0
0
0
0
0
0
0
0
0
0
0
0
0
0
0
0
0
0
0
0
0
0
0
0
0
0
0
0
0
0
0
0
0
0
0
0
0
0
0
0
0
0
0
0
0
0
0
0
0
0
0
0
0
0
0
0
0
0
0
0
0
0
0
0
0
0
0
0
0
0
0
0
0
0
0
0
0
0
0
0
0
0
0
0
0
0
0
0
0
0
0
0
0
0
0
0
0
0
0
0
0
0
0
0
0
0
0
0
0
0
0
0
0
0
0
0
0
0
0
0
0
0
0
0
0
0
0
0
0
0
0
0
0
0
0
0
0
0
0
0
0
0
0
0
0
0
0
0
0
0
0
0
0
0
0
0
0
0
0
0
0
0
0
0
0
0
0
0
0
0
0
0
0
0
0
0
0
0
0
0
0
0
0
0
0
0
0
0
0
0
0
0
0
0
0
0
0
0
0
0
0
0
0
0
0
0
0
0
0
0
0
0
0
0
0
0
0
0
0
0
0
0
0
0
0
0
0
0
0
0
0
0
0
0
0
0
0
0
0
0
0
0
0
0
0
0
0
0
0
0
0
0
0
0
0
0
0
0
0
0
0
0
0
0
0
0
0
0
0
0
0
0
0
0
0
0
0
0
0
0
0
0
0
0
0
0
0
0
0
0
0
0
0
0
0
0
0
0
0
0
0
0
0
0
0
0
0
0
0
0
0
0
0
0
0
0
0
0
0
0
0
0
0
0
0
0
0
0
0
0
0
0
0
0
0
0
0
0
0
0
0
0
0
0
0
0
0
0
0
0
0
0
0
0
0
0
0
0
0
0
0
0
0
0
0
0
0
0
0
0
0
0
0
0
0
0
0
0
0
0
0
0
0
0
0
0
0
0
0
0
0
0
0
0
0
0
0
0
0
0
0
0
0
0
0
0
0
0
0
0
0
0
0
0
0
0
0
0
0
0
0
0
0
0
0
0
0
0
0
0
0
0
0
0
0
0
0
0
0
0
0
0
0
0
0
0
0
0
0
0
0
0
0
0
0
0
0
0
0
0
0
0
0
0
0
0
0
0
0
0
0
0
0
0
0
0
0
0
0
0
0
0
0
0
0
0
0
0
0
0
0
0
0
0
0
0
0
0
0
0
0
0
0
0
0
0
0
0
0
0
0
0
0
0
0
0
0
0
0
0
0
0
0
0
0
0
0
0
0
0
0
0
0
0
0
0
0
0
0
0
0
0
0
0
0
0
0
0
0
0
0
0
0
0
0
0
0
0
0
0
0
0
0
0
0
0
0
0
0
0
0
0
0
0
0
0
0
0
0
0
0
0
0
0
0
0
0
0
0
0
0
0
0
0
0
0
0
0
0
0
0
0
0
0
0
0
0
0
0
0
0
0
0
0
0
0
0
0
0
0
0
0
0
0
0
0
0
0
0
0
0
0
0
0
0
0
0
0
0
0
0
0
0
0
0
0
0
0
0
0
0
0
0
0
0
0
0
0
0
0
0
0
0
0
0
0
0
0
0
0
0
0
0
0
0
0
0
0
0
0
0
0
0
0
0
0
0
0
0
0
0
0
0
0
0
0
0
0
0
0
0
0
0
0
0
0
0
0
0
0
0
0
0
0
0
0
0
0
0
0
0
0
0
0
0
0
0
0
0
0
0
0
0
0
0
0
0
0
0
0
0
0
0
0
0
0
0
0
0
0
0
0
0
0
0
0
0
0
0
0
0
0
0
0
0
0
0
0
0
0
0
0
0
0
0
0
0
0
0
0
0
0
0
0
0
0
0
0
0
0
0
0
0
0
0
0
0
0
0
0
0
0
0
0
0
0
0
0
0
0
0
0
0
0
0
0
0
0
0
0
0
0
0
0
0
0
0
0
0
0
0
0
0
0
0
0
0
0
0
0
0
0
0
0
0
0
0
0
0
0
0
0
0
0
0
0
0
0
0
0
0
0
0
0
0
0
0
0
0
0
0
0
0
0
0
0
0
0
0
0
0
0
0
0
0
0
0
0
0
0
0
0
0
0
0
0
0
0
0
0
0
0
0
0
0
0
0
0
0
0
0
0
0
0
0
0
0
0
0
0
0
0
0
0
0
0
0
0
0
0
0
0
0
0
0
0
0
0
0
0
0
0
0
0
0
0
0
0
0
0
0
0
0
0
0
0
0
0
0
0
0
0
0
0
0
0
0
0
0
0
0
0
0
0
0
0
0
0
0
0
0
0
0
0
0
0
0
0
0
0
0
0
0
0
0
0
0
0
0
0
0
0
0
0
0
0
0
0
0
0
0
0
0
0
0
0
0
0
0
0
0
0
0
0
0
0
0
0
0
0
0
0
0
0
0
0
0
0
0
0
0
0
0
0
0
0
0
0
0
0
0
0
0
0
0
0
0
0
0
0
0
0
0
0
0
0
0
0
0
0
0
0
0
0
0
0
0
0
0
0
0
0
0
0
0
0
0
0
0
0
0
