1
1
1
1
1
1
1
1
1
1
1
1
1
1
1
1
1
1
1
1
1
1
1
1
1
1
1
1
1
1
1
1
1
1
1
1
1
1
1
1
1
1
1
1
1
1
1
1
1
1
1
1
1
1
1
1
1
1
1
1
1
1
1
1
1
1
1
1
1
1
1
1
1
1
1
1
1
1
1
1
1
1
1
1
1
1
1
1
1
1
1
1
1
1
1
1
1
1
1
1
1
1
1
1
1
1
1
1
1
1
1
1
1
1
1
1
1
1
1
1
1
1
1
1
1
1
1
1
1
1
1
1
1
1
1
1
1
1
1
1
1
1
1
1
1
1
1
1
1
1
1
1
1
1
1
1
1
1
1
1
1
1
1
1
1
1
1
1
1
1
1
1
1
1
1
1
1
1
1
1
1
1
1
1
1
1
1
1
1
1
1
1
1
1
1
1
1
1
1
1
1
1
1
1
1
1
1
1
1
1
1
1
1
1
1
1
1
1
1
1
1
1
1
1
1
1
1
1
1
1
1
1
1
1
1
1
1
1
1
1
1
1
1
1
1
1
1
1
1
1
1
1
1
1
1
1
1
1
1
1
1
1
1
1
1
1
1
1
1
1
1
1
1
1
1
1
1
1
1
1
1
1
1
1
1
1
1
1
1
1
1
1
1
1
1
1
1
1
1
1
1
1
1
1
1
1
1
1
1
1
1
1
1
1
1
1
1
1
1
1
1
1
1
1
1
1
1
1
1
1
1
1
1
1
1
1
1
1
1
1
1
1
1
1
1
1
1
1
1
1
1
1
1
1
1
1
1
1
1
1
1
1
1
1
1
1
1
1
1
1
1
1
1
1
1
1
1
1
1
1
1
1
1
1
1
1
1
1
1
1
1
1
1
1
1
1
1
1
1
1
1
1
1
1
1
1
1
1
1
1
1
1
1
1
1
1
1
1
1
1
1
1
1
1
1
1
1
1
1
1
1
1
1
1
1
1
1
1
1
1
1
1
1
1
1
1
1
1
1
1
1
1
1
1
1
1
1
1
1
1
1
1
1
1
1
1
1
1
1
1
1
1
1
1
1
1
1
1
1
1
1
1
1
1
1
1
1
1
1
1
1
1
1
1
1
1
1
1
1
1
1
1
1
1
1
1
1
1
1
1
1
1
1
1
1
1
1
1
1
1
1
1
1
1
1
1
1
1
1
1
1
1
1
1
1
1
1
1
1
1
1
1
1
1
1
1
1
1
1
1
1
1
1
1
1
1
1
1
1
1
1
1
1
1
1
1
1
1
1
1
1
1
1
1
1
1
1
1
1
1
1
1
1
1
1
1
1
1
1
1
1
1
1
1
1
1
1
1
1
1
1
1
1
1
1
1
1
1
1
1
1
1
1
1
1
1
1
1
1
1
1
1
1
1
1
1
1
1
1
1
1
1
1
1
1
1
1
1
1
1
1
1
1
1
1
1
1
1
1
1
1
1
1
1
1
1
1
1
1
1
1
1
1
1
1
1
1
1
1
1
1
1
1
1
1
1
1
1
1
1
1
1
1
1
1
1
1
1
1
1
1
1
1
1
1
1
1
1
1
1
1
1
1
1
1
1
1
1
1
1
1
1
1
1
1
1
1
1
1
1
1
1
1
1
1
1
1
1
1
1
1
1
1
1
1
1
1
1
1
1
1
1
1
1
1
1
1
1
1
1
1
1
1
1
1
1
1
1
1
1
1
1
1
1
1
1
1
1
1
1
1
1
1
1
1
1
1
1
1
1
1
1
1
1
1
1
1
1
1
1
1
1
1
1
1
1
1
1
1
1
1
1
1
1
1
1
1
1
1
1
1
1
1
1
1
1
1
1
1
1
1
1
1
1
1
1
1
1
1
1
1
1
1
1
1
1
1
1
1
1
1
1
1
1
1
1
1
1
1
1
1
1
1
1
1
1
1
1
1
1
1
1
1
1
1
1
1
1
1
1
1
1
1
1
1
1
1
1
1
1
1
1
1
1
1
1
1
1
1
1
1
1
1
1
1
1
1
1
1
1
1
1
1
1
1
1
1
1
1
1
1
1
1
1
1
1
1
1
1
1
1
1
1
1
1
1
1
1
1
1
1
1
1
1
1
1
1
1
1
1
1
1
1
1
1
1
1
1
1
1
1
1
1
1
1
1
1
1
1
1
1
1
1
1
1
1
1
1
1
1
1
1
1
1
1
1
1
1
1
1
1
1
1
1
1
1
1
1
1
1
1
1
1
1
1
1
1
1
1
1
1
1
1
1
1
1
1
1
1
1
1
1
1
1
1
1
1
1
1
1
1
1
1
1
1
1
1
1
1
1
1
1
1
1
1
1
1
1
1
1
1
1
1
1
1
1
1
1
1
1
1
1
1
1
1
1
1
1
1
1
1
1
1
1
1
1
1
1
1
1
1
1
1
1
1
1
1
1
1
1
1
1
1
1
1
1
1
1
1
1
1
1
1
1
1
1
1
1
1
1
1
1
1
1
1
1
1
1
1
1
1
1
1
1
1
1
1
1
1
1
1
1
1
1
1
1
1
1
1
1
1
1
1
1
1
1
1
1
1
1
1
1
1
1
1
1
1
1
1
1
1
1
1
1
1
1
1
1
1
1
1
1
1
1
1
1
1
1
1
1
1
1
1
1
1
1
1
1
1
1
1
1
1
1
1
1
1
1
1
1
1
1
1
1
1
1
1
1
1
1
1
1
1
1
1
1
1
1
1
1
1
1
1
1
1
1
1
1
1
1
1
1
1
1
1
1
1
1
1
1
1
1
1
1
1
1
1
1
1
1
1
1
1
1
1
1
1
1
1
1
1
1
1
1
1
1
1
1
1
1
1
1
1
1
1
1
1
1
1
1
1
1
1
1
1
1
1
1
1
1
1
1
1
1
1
1
1
1
1
1
1
1
1
1
1
1
1
1
1
1
1
1
1
1
1
1
1
1
1
1
1
1
1
1
1
1
1
1
1
1
1
1
1
1
1
1
1
1
1
1
1
1
1
1
1
1
1
1
1
1
1
1
1
1
1
1
1
1
1
1
1
1
1
1
1
1
1
1
1
1
1
1
1
1
1
1
1
1
1
1
1
1
1
1
1
1
1
1
1
1
1
1
1
1
1
1
1
1
1
1
1
1
1
1
1
1
1
1
1
1
1
1
1
1
1
1
1
1
1
1
1
1
1
1
1
1
1
1
1
1
1
1
1
1
1
1
1
1
1
1
1
1
1
1
1
1
1
1
1
1
1
1
1
1
1
1
1
1
1
1
1
1
1
1
1
1
1
1
1
1
1
1
1
1
1
1
1
1
1
1
1
1
1
1
1
1
1
1
1
1
1
1
1
1
1
1
1
1
1
1
1
1
1
1
1
1
1
1
1
1
1
1
1
1
1
1
1
1
1
1
1
1
1
1
1
1
1
1
1
1
1
1
1
1
1
1
1
1
1
1
1
1
1
1
1
1
1
1
1
1
1
1
1
1
1
1
1
1
1
1
1
1
1
1
1
1
1
1
1
1
1
1
1
1
1
1
1
1
1
1
1
1
1
1
1
1
1
1
1
1
1
1
1
1
1
1
1
1
1
1
1
1
1
1
1
1
1
1
1
1
1
1
1
1
1
1
1
1
1
1
1
1
1
1
1
1
1
1
1
1
1
1
1
1
1
1
1
1
1
1
1
1
1
1
1
1
1
1
1
1
1
1
1
1
1
1
1
1
1
1
1
1
1
1
1
1
1
1
1
1
1
1
1
1
1
1
1
1
1
1
1
1
1
1
1
1
1
1
1
1
1
1
1
1
1
1
1
1
1
1
1
1
1
1
1
1
1
1
1
1
1
1
1
1
1
1
1
1
1
1
1
1
1
1
1
1
1
1
1
1
1
1
1
1
1
1
1
1
1
1
1
1
1
1
1
1
1
1
1
1
1
1
1
1
1
1
1
1
1
1
1
1
1
1
1
1
1
1
1
1
1
1
1
1
1
1
1
1
1
1
1
1
1
1
1
1
1
1
1
1
1
1
1
1
1
1
1
1
1
1
1
1
1
1
1
1
1
1
1
1
1
1
1
1
1
1
1
1
1
1
1
1
1
1
1
1
1
1
1
1
1
1
1
1
1
1
1
1
1
1
1
1
1
1
1
1
1
1
1
1
1
1
1
1
1
1
1
1
1
1
1
1
1
1
1
1
1
1
1
1
1
1
1
1
1
1
1
1
1
1
1
1
1
1
1
1
1
1
1
1
1
1
1
1
1
1
1
1
1
1
1
1
1
1
1
1
1
1
1
1
1
1
1
1
1
1
1
1
1
1
1
1
1
1
1
1
1
1
1
1
1
1
1
1
1
1
1
1
1
1
1
1
1
1
1
1
1
1
1
1
1
1
1
1
1
1
1
1
1
1
1
1
1
1
1
1
1
1
1
1
1
1
1
1
1
1
1
1
1
1
1
1
1
1
1
1
1
1
1
1
1
1
1
1
1
1
1
1
1
1
1
1
1
1
1
1
1
1
1
1
1
1
1
1
1
1
1
1
1
1
1
1
1
1
1
1
1
1
1
1
1
1
1
1
1
1
1
1
1
1
1
1
1
1
1
1
1
1
1
1
1
1
1
1
1
1
1
1
1
1
1
1
1
1
1
1
1
1
1
1
1
1
1
1
1
1
1
1
1
1
1
1
1
1
1
1
1
1
1
1
1
1
1
1
1
1
1
1
1
1
1
1
1
1
1
1
1
1
1
1
1
1
1
1
1
1
1
1
1
1
1
1
1
1
1
1
1
1
1
1
1
1
1
1
1
1
1
1
1
1
1
1
1
1
1
1
1
1
1
1
1
1
1
1
1
1
1
1
1
1
1
1
1
1
1
1
1
1
1
1
1
1
1
1
1
1
1
1
1
1
1
1
1
1
1
1
1
1
1
1
1
1
1
1
1
1
1
1
1
1
1
1
1
1
1
1
1
1
1
1
1
1
1
1
1
1
1
1
1
1
1
1
1
1
1
1
1
1
1
1
1
1
1
1
1
1
1
1
1
1
1
1
1
1
1
1
1
1
1
1
1
1
1
1
1
1
1
1
1
1
1
1
1
1
1
1
1
1
1
1
1
1
1
1
1
1
1
1
1
1
1
1
1
1
1
1
1
1
1
1
1
1
1
1
1
1
1
1
1
1
1
1
1
1
1
1
1
1
1
1
1
1
1
1
1
1
1
1
1
1
1
1
1
1
1
1
1
1
1
1
1
1
1
1
1
1
1
1
1
1
1
1
1
1
1
1
1
1
1
1
1
1
1
1
1
1
1
1
1
1
1
1
1
1
1
1
1
1
1
1
1
1
1
1
1
1
1
1
1
1
1
1
1
1
1
1
1
1
1
1
1
1
1
1
1
1
1
1
1
1
1
1
1
1
1
1
1
1
1
1
1
1
1
1
1
1
1
1
1
1
1
1
1
1
1
1
1
1
1
1
1
1
1
1
1
1
1
1
1
1
1
1
1
1
1
1
1
1
1
1
1
1
1
1
1
1
1
1
1
1
1
1
1
1
1
1
1
1
1
1
1
1
1
1
1
1
1
1
1
1
1
1
1
1
1
1
1
1
1
1
1
1
1
1
1
1
1
1
1
1
1
1
1
1
1
1
1
1
1
1
1
0.999946
0.999895
0.999843
0.999791
0.999731
0.999678
0.999624
0.999579
0.999528
0.999474
0.999422
0.999365
0.999312
0.999251
0.999198
0.999147
0.999099
0.999051
0.999002
0.998955
0.998909
0.998856
0.998805
0.998755
0.9987
0.998641
0.99859
0.998539
0.998496
0.998439
0.998387
0.998335
0.998286
0.998235
0.998184
0.998131
0.998076
0.998027
0.997975
0.99792
0.997864
0.997812
0.997763
0.997719
0.997666
0.997618
0.997566
0.997514
0.997466
0.997415
0.997363
0.997315
0.997265
0.997213
0.997167
0.99711
0.997066
0.997018
0.996965
0.996913
0.996861
0.996813
0.996768
0.996722
0.996672
0.996621
0.996568
0.996516
0.996462
0.996412
0.996359
0.996307
0.996255
0.996204
0.996153
0.996105
0.996054
0.996001
0.995945
0.995896
0.995847
0.9958
0.995753
0.995706
0.995655
0.995607
0.995558
0.995508
0.99546
0.99541
0.995355
0.995304
0.995258
0.995208
0.995156
0.995108
0.995053
0.995005
0.994954
0.994908
0.994856
0.99481
0.99476
0.994709
0.99466
0.994612
0.994571
0.994524
0.994477
0.994429
0.994382
0.994325
0.994276
0.994232
0.994185
0.994138
0.994088
0.994038
0.993987
0.993938
0.993894
0.993847
0.993801
0.993753
0.993707
0.993657
0.993607
0.99356
0.993513
0.993465
0.993418
0.99337
0.993324
0.993275
0.993224
0.993175
0.993125
0.993078
0.993032
0.992978
0.992932
0.992877
0.992824
0.992774
0.992724
0.992677
0.992629
0.992584
0.992542
0.992491
0.992443
0.992397
0.992346
0.9923
0.992253
0.992207
0.992162
0.992114
0.992066
0.992017
0.991969
0.991918
0.991866
0.99182
0.99177
0.991719
0.991673
0.991629
0.991582
0.991532
0.991485
0.99144
0.991388
0.99134
0.991289
0.991242
0.991193
0.991146
0.991096
0.991047
0.991
0.99095
0.990904
0.990857
0.990807
0.990764
0.990715
0.990665
0.990615
0.990568
0.99052
0.990474
0.990425
0.990374
0.990327
0.990285
0.990243
0.990193
0.990145
0.990102
0.990055
0.990007
0.989959
0.989912
0.989866
0.989817
0.989765
0.989718
0.989676
0.989631
0.989587
0.989536
0.989487
0.989444
0.989394
0.989347
0.989303
0.989261
0.989218
0.989175
0.989132
0.989086
0.989045
0.988999
0.988951
0.988901
0.988856
0.98881
0.98876
0.988717
0.988673
0.988627
0.988583
0.988536
0.98849
0.98843
0.988382
0.988327
0.98828
0.988228
0.988185
0.988143
0.988094
0.988048
0.987999
0.987953
0.987905
0.987857
0.98781
0.987767
0.987721
0.987681
0.987636
0.987588
0.987542
0.987498
0.987447
0.9874
0.987347
0.987297
0.987255
0.987211
0.987164
0.987118
0.987071
0.987024
0.986978
0.986927
0.986882
0.986836
0.986792
0.986746
0.986701
0.986651
0.986601
0.986553
0.986517
0.986473
0.986425
0.986376
0.98633
0.986288
0.986235
0.986189
0.986139
0.986091
0.986048
0.986
0.985951
0.985906
0.985859
0.985809
0.985763
0.985719
0.985673
0.985629
0.985581
0.985533
0.985486
0.985438
0.985396
0.985354
0.985306
0.985262
0.985221
0.985172
0.985121
0.985071
0.985027
0.984985
0.984938
0.984891
0.984845
0.984798
0.984746
0.984697
0.984649
0.984605
0.984557
0.984512
0.984462
0.984414
0.984368
0.98432
0.984273
0.984219
0.984165
0.984115
0.984064
0.984016
0.98397
0.983918
0.983873
0.983828
0.983783
0.983733
0.983689
0.983639
0.983592
0.983544
0.983501
0.983454
0.983409
0.98336
0.983315
0.983269
0.98322
0.983178
0.983129
0.983084
0.983034
0.982987
0.982942
0.982899
0.982849
0.982805
0.982758
0.982704
0.982655
0.982607
0.982558
0.982512
0.98246
0.98241
0.98236
0.982315
0.982271
0.98222
0.98217
0.982126
0.982075
0.982028
0.981988
0.98194
0.981891
0.981841
0.981794
0.981747
0.981703
0.981655
0.981601
0.981551
0.981501
0.981457
0.981405
0.981355
0.981305
0.981252
0.981197
0.981147
0.981089
0.981039
0.980993
0.980941
0.980887
0.980838
0.980792
0.980741
0.980689
0.980645
0.980598
0.980549
0.980497
0.980442
0.980391
0.980338
0.980286
0.980239
0.980191
0.980139
0.98009
0.980037
0.979991
0.979935
0.979888
0.979835
0.979781
0.979727
0.97967
0.979616
0.979565
0.979516
0.979469
0.979421
0.979369
0.979314
0.979261
0.979208
0.979156
0.979102
0.979046
0.97899
0.978941
0.978887
0.97884
0.978788
0.978731
0.978673
0.978618
0.978567
0.978515
0.97846
0.978404
0.978345
0.97829
0.978243
0.978194
0.978144
0.978094
0.978039
0.977988
0.977934
0.977883
0.977832
0.977777
0.977714
0.977657
0.977603
0.977548
0.977496
0.977441
0.977389
0.977328
0.977269
0.977212
0.977158
0.977097
0.977046
0.976991
0.97693
0.976877
0.976822
0.976765
0.976712
0.976651
0.976597
0.976537
0.976476
0.976417
0.976357
0.976303
0.976246
0.976183
0.976126
0.976071
0.976011
0.97595
0.975895
0.975834
0.975775
0.975724
0.975661
0.975603
0.975545
0.975493
0.975436
0.975374
0.975317
0.97526
0.975207
0.975146
0.975087
0.975023
0.97497
0.974914
0.974852
0.974798
0.974734
0.974673
0.974612
0.974547
0.974492
0.974432
0.974368
0.974308
0.974244
0.974176
0.974115
0.974056
0.973995
0.97393
0.973871
0.97381
0.973745
0.973684
0.973618
0.973551
0.97349
0.973425
0.973363
0.973302
0.973236
0.973173
0.973109
0.973046
0.972987
0.972923
0.972853
0.972787
0.972719
0.972652
0.972583
0.972516
0.972451
0.972384
0.972314
0.97225
0.972182
0.972118
0.97205
0.971986
0.971912
0.971845
0.971777
0.971708
0.971638
0.97157
0.971496
0.971429
0.971355
0.971281
0.971217
0.971145
0.971068
0.970998
0.970925
0.970854
0.970772
0.970692
0.970615
0.970544
0.970463
0.970383
0.970303
0.970228
0.970156
0.970081
0.970006
0.969934
0.969857
0.96978
0.969698
0.969612
0.969534
0.96946
0.969382
0.969308
0.969224
0.96914
0.969061
0.968979
0.968907
0.968822
0.96874
0.968658
0.968574
0.968489
0.968408
0.968329
0.968249
0.968165
0.968079
0.967998
0.967915
0.967828
0.967741
0.967663
0.967575
0.967486
0.967401
0.967313
0.967231
0.967149
0.967059
0.966965
0.966874
0.966784
0.966695
0.966604
0.966516
0.966435
0.966341
0.966256
0.966167
0.966077
0.965991
0.965901
0.965811
0.965719
0.965622
0.965528
0.965439
0.965341
0.965248
0.96515
0.965061
0.964971
0.964879
0.96478
0.964687
0.964592
0.964492
0.964394
0.96429
0.964185
0.964078
0.963975
0.963866
0.963765
0.96366
0.963565
0.963461
0.963357
0.963249
0.963143
0.963032
0.962925
0.962813
0.962709
0.962588
0.962485
0.96237
0.962262
0.962151
0.962039
0.96193
0.961812
0.961702
0.961592
0.961481
0.961366
0.961247
0.961125
0.961005
0.96089
0.960767
0.960654
0.960533
0.960407
0.960283
0.96016
0.960043
0.959917
0.959794
0.959664
0.959547
0.959425
0.959291
0.959173
0.959047
0.958924
0.958797
0.95867
0.958537
0.958408
0.958275
0.958141
0.958004
0.957877
0.957736
0.9576
0.957459
0.957322
0.957178
0.957042
0.956906
0.956765
0.956622
0.956477
0.956336
0.956183
0.956042
0.955899
0.955761
0.955622
0.955472
0.955329
0.955183
0.955033
0.95488
0.954732
0.954578
0.954426
0.95427
0.954116
0.953962
0.953809
0.953648
0.953491
0.95334
0.953178
0.953022
0.952872
0.952714
0.952547
0.952374
0.95221
0.952047
0.951882
0.951714
0.951549
0.951383
0.951207
0.951034
0.950857
0.950681
0.950505
0.950321
0.950141
0.949966
0.949777
0.949593
0.949414
0.94923
0.949033
0.948844
0.948656
0.948463
0.948279
0.9481
0.947911
0.947725
0.947537
0.947346
0.947147
0.946956
0.946757
0.946552
0.946353
0.946152
0.945954
0.945743
0.945541
0.945335
0.94513
0.944931
0.944715
0.944506
0.944297
0.944076
0.943864
0.943649
0.943423
0.943203
0.942992
0.942774
0.942541
0.942317
0.942099
0.941873
0.941639
0.941417
0.941194
0.940966
0.940724
0.94049
0.940245
0.940005
0.939757
0.939508
0.939259
0.939012
0.938767
0.938523
0.938271
0.938032
0.937767
0.937523
0.937258
0.937
0.936748
0.936497
0.936231
0.935957
0.93569
0.935408
0.935135
0.934866
0.934586
0.934317
0.934043
0.933766
0.933487
0.933213
0.932923
0.932636
0.932359
0.932083
0.931797
0.931518
0.931223
0.930939
0.930638
0.930346
0.930048
0.929752
0.929453
0.929148
0.928837
0.928529
0.928221
0.927908
0.927609
0.927293
0.926965
0.926647
0.926332
0.926009
0.925668
0.925342
0.925006
0.924676
0.924373
0.924038
0.923698
0.923367
0.92303
0.922684
0.922344
0.921998
0.92165
0.921298
0.920952
0.920595
0.920249
0.919891
0.919518
0.919164
0.918789
0.91842
0.918045
0.917651
0.917275
0.916903
0.916542
0.916163
0.915772
0.915405
0.915018
0.914624
0.914248
0.913862
0.913478
0.913093
0.912706
0.912316
0.911908
0.911504
0.911107
0.910692
0.910295
0.90988
0.909457
0.909058
0.908636
0.908203
0.907776
0.907359
0.906946
0.906531
0.90611
0.905685
0.905234
0.904792
0.904363
0.903911
0.903466
0.903013
0.902572
0.90213
0.901689
0.901227
0.900771
0.900329
0.899891
0.89941
0.898954
0.898508
0.898046
0.897587
0.897131
0.896654
0.896174
0.895699
0.895224
0.894732
0.894264
0.893762
0.893278
0.892787
0.892294
0.891794
0.891307
0.890828
0.890333
0.889833
0.889342
0.888838
0.888343
0.887827
0.887328
0.886821
0.886298
0.885785
0.885286
0.884764
0.88425
0.883735
0.883227
0.882723
0.88221
0.881696
0.881194
0.880677
0.880144
0.879617
0.879082
0.878573
0.87804
0.877491
0.87696
0.876436
0.875893
0.875361
0.874844
0.874306
0.87376
0.873225
0.872687
0.87214
0.871602
0.871064
0.870528
0.869997
0.869476
0.86892
0.868379
0.867815
0.867281
0.866729
0.866189
0.865654
0.865105
0.864568
0.864026
0.863473
0.862909
0.86236
0.861819
0.861273
0.860734
0.860175
0.859642
0.859102
0.858561
0.858015
0.857466
0.856914
0.856373
0.855835
0.855307
0.854738
0.85418
0.853626
0.853095
0.852548
0.852005
0.851452
0.850914
0.850378
0.849843
0.849296
0.848732
0.848167
0.847604
0.847052
0.846509
0.845932
0.845371
0.844815
0.844253
0.843702
0.843133
0.842581
0.842033
0.841477
0.840922
0.840389
0.839832
0.839283
0.838739
0.838196
0.837641
0.837098
0.836541
0.836007
0.835437
0.834887
0.834334
0.833777
0.833235
0.832683
0.832119
0.831563
0.831006
0.830442
0.829908
0.829352
0.828797
0.828248
0.827692
0.827134
0.826582
0.826038
0.825501
0.824942
0.824397
0.823849
0.823306
0.822751
0.822186
0.821646
0.821086
0.820532
0.819988
0.819437
0.818873
0.818306
0.817768
0.817213
0.816662
0.816113
0.815543
0.815
0.814449
0.813896
0.813344
0.812783
0.812208
0.811646
0.8111
0.810555
0.810008
0.809458
0.80891
0.808365
0.807823
0.807261
0.806714
0.806146
0.805569
0.805005
0.804438
0.803884
0.803332
0.802771
0.802222
0.801658
0.801117
0.80059
0.800038
0.799482
0.798922
0.798346
0.797782
0.797242
0.796691
0.796149
0.795589
0.795035
0.79446
0.793896
0.793331
0.792784
0.792249
0.79172
0.791171
0.790617
0.790062
0.789504
0.788922
0.788383
0.787845
0.787297
0.78675
0.786178
0.785625
0.785066
0.784515
0.783956
0.783403
0.782836
0.782286
0.781727
0.781177
0.780628
0.780063
0.77949
0.778921
0.778366
0.777811
0.777259
0.776713
0.77616
0.775623
0.775072
0.774518
0.773955
0.773404
0.772847
0.7723
0.771747
0.771197
0.770637
0.770082
0.769521
0.76896
0.768411
0.767855
0.767302
0.766738
0.766181
0.765631
0.765073
0.764516
0.763955
0.763397
0.762828
0.762282
0.761746
0.76118
0.760637
0.760082
0.759545
0.759002
0.758448
0.757896
0.757357
0.756809
0.756261
0.75572
0.755154
0.754592
0.754019
0.753457
0.752906
0.752348
0.751794
0.751235
0.750692
0.750158
0.749613
0.749057
0.748505
0.747957
0.747412
0.746864
0.746319
0.745763
0.745205
0.744645
0.744092
0.74354
0.742975
0.742418
0.741855
0.741302
0.740749
0.740174
0.739612
0.739047
0.738478
0.737929
0.737383
0.736837
0.736288
0.735729
0.735169
0.734613
0.734052
0.73351
0.732967
0.732398
0.731857
0.731325
0.730781
0.730242
0.729678
0.729118
0.728559
0.727996
0.727436
0.726881
0.726334
0.725777
0.725213
0.724658
0.724107
0.723574
0.723022
0.722474
0.721924
0.721388
0.720827
0.720272
0.719713
0.719168
0.718607
0.71807
0.717523
0.716969
0.716429
0.715888
0.715334
0.714791
0.714232
0.713683
0.713133
0.712597
0.712053
0.711511
0.710963
0.710394
0.70984
0.709295
0.708763
0.708211
0.707665
0.707117
0.706569
0.706019
0.705481
0.704935
0.704375
0.703817
0.703275
0.702722
0.702176
0.70163
0.701079
0.700532
0.699992
0.699445
0.698889
0.698323
0.697758
0.697206
0.696663
0.696105
0.69556
0.695002
0.694452
0.693874
0.693317
0.692772
0.692214
0.691661
0.691102
0.69053
0.689985
0.689451
0.68892
0.688374
0.687814
0.687259
0.686703
0.686138
0.685571
0.685024
0.684463
0.683913
0.68336
0.682809
0.68225
0.681686
0.681122
0.680568
0.680037
0.679478
0.678921
0.678373
0.677816
0.677255
0.676705
0.676168
0.675627
0.675088
0.67454
0.674002
0.673445
0.672894
0.672347
0.671787
0.671235
0.670696
0.670147
0.66959
0.669054
0.668505
0.667957
0.667405
0.666843
0.6663
0.665741
0.665213
0.664652
0.664092
0.663558
0.663
0.662457
0.661882
0.661327
0.66077
0.660211
0.659652
0.659105
0.658548
0.658008
0.657475
0.656918
0.656374
0.65583
0.655277
0.654719
0.654164
0.653623
0.653076
0.652517
0.651952
0.651409
0.650856
0.650305
0.649747
0.649181
0.648632
0.648085
0.647519
0.646954
0.646389
0.645824
0.64527
0.644714
0.644168
0.643602
0.643052
0.642507
0.641959
0.641416
0.640853
0.640315
0.639782
0.639224
0.638672
0.638128
0.637589
0.637041
0.636485
0.635917
0.635373
0.6348
0.634237
0.633685
0.633129
0.632569
0.631997
0.631468
0.630906
0.630374
0.629804
0.629242
0.628703
0.628148
0.627595
0.627034
0.62649
0.625952
0.625398
0.62485
0.624282
0.623719
0.623162
0.622595
0.62205
0.621518
0.620964
0.62041
0.619868
0.619319
0.618757
0.618226
0.617685
0.617133
0.616573
0.616
0.615449
0.614896
0.614338
0.613787
0.613235
0.612704
0.612167
0.611625
0.611081
0.610522
0.609958
0.609409
0.608856
0.608275
0.607726
0.607175
0.60664
0.606097
0.605539
0.604974
0.604434
0.603885
0.603347
0.602785
0.602251
0.601684
0.601143
0.600605
0.600058
0.599521
0.598969
0.59843
0.597862
0.597319
0.596776
0.596223
0.595656
0.59509
0.594546
0.593988
0.593426
0.592859
0.592288
0.591714
0.591165
0.590593
0.59004
0.589464
0.588911
0.588366
0.587821
0.587271
0.586704
0.586135
0.58557
0.585037
0.584488
0.583919
0.583377
0.582812
0.582269
0.581694
0.581151
0.58059
0.580036
0.579474
0.578911
0.578357
0.577813
0.577241
0.576651
0.576081
0.575531
0.574998
0.574452
0.573895
0.573329
0.572756
0.572207
0.571654
0.571089
0.570544
0.569972
0.569419
0.568848
0.568302
0.567743
0.567199
0.566645
0.566085
0.565536
0.564966
0.564398
0.563839
0.563284
0.562739
0.562196
0.561659
0.561093
0.560534
0.559978
0.559456
0.558902
0.558343
0.557776
0.557223
0.556678
0.55613
0.555579
0.55503
0.55448
0.553934
0.553406
0.552855
0.55232
0.551768
0.551203
0.550648
0.550074
0.549512
0.548961
0.548408
0.54785
0.547298
0.54677
0.546219
0.54566
0.545105
0.544565
0.543992
0.543438
0.542877
0.542324
0.541772
0.541219
0.540658
0.540128
0.539568
0.539002
0.538455
0.537894
0.53736
0.536802
0.536239
0.535682
0.535145
0.534586
0.534044
0.533491
0.532935
0.532396
0.531847
0.531289
0.530724
0.530168
0.529615
0.529057
0.528506
0.527949
0.527415
0.526842
0.526291
0.525706
0.52514
0.524587
0.524031
0.523493
0.522925
0.522359
0.521801
0.521264
0.520701
0.520153
0.519594
0.519033
0.518485
0.517948
0.517386
0.516826
0.516267
0.515708
0.515154
0.514595
0.514039
0.513499
0.51293
0.512376
0.511838
0.511282
0.510705
0.510141
0.509584
0.509027
0.50847
0.507931
0.507375
0.506824
0.506289
0.505747
0.505193
0.504639
0.504076
0.503501
0.502948
0.502395
0.501816
0.501237
0.500697
0.500134
0.49958
0.499038
0.498494
0.497942
0.497387
0.496834
0.496276
0.495732
0.495182
0.49464
0.494073
0.49352
0.492956
0.492397
0.491846
0.4913
0.490749
0.490195
0.489625
0.489069
0.488519
0.487968
0.487407
0.486854
0.486285
0.485731
0.485158
0.484618
0.484059
0.483502
0.482953
0.482396
0.481823
0.481259
0.480699
0.48015
0.479578
0.479023
0.478469
0.477911
0.477363
0.476796
0.476241
0.475672
0.475129
0.47459
0.474049
0.473496
0.472945
0.472387
0.471846
0.47131
0.470746
0.470182
0.469636
0.469072
0.46852
0.467965
0.467401
0.466849
0.466284
0.465723
0.465154
0.464616
0.464057
0.46349
0.462942
0.462366
0.461807
0.461247
0.460684
0.460124
0.459564
0.459026
0.458473
0.457922
0.457369
0.456809
0.456259
0.455707
0.455169
0.454614
0.454046
0.45348
0.452943
0.452381
0.451817
0.451256
0.450692
0.450153
0.44959
0.449024
0.44847
0.447923
0.447371
0.446811
0.446259
0.445701
0.445136
0.444596
0.444051
0.443516
0.442966
0.442411
0.441888
0.44134
0.440778
0.440237
0.439679
0.43912
0.438561
0.437991
0.437453
0.436913
0.43635
0.435819
0.435285
0.434756
0.43423
0.433691
0.433152
0.432617
0.432083
0.431534
0.430999
0.430472
0.429928
0.429375
0.428847
0.428299
0.427779
0.427221
0.426689
0.426156
0.425613
0.42508
0.424552
0.423994
0.423444
0.422922
0.422358
0.421825
0.421279
0.420733
0.42018
0.419624
0.41908
0.418531
0.417992
0.417434
0.416892
0.41635
0.41581
0.41526
0.414733
0.414177
0.413632
0.4131
0.412552
0.411999
0.411452
0.41089
0.41034
0.409792
0.409263
0.408723
0.40817
0.4076
0.407041
0.40647
0.405937
0.405387
0.40484
0.40428
0.403714
0.403152
0.40261
0.402061
0.401519
0.400985
0.400422
0.399875
0.399344
0.398803
0.39826
0.397703
0.397146
0.396615
0.396066
0.395537
0.39501
0.394468
0.39394
0.393403
0.392837
0.392285
0.391737
0.391183
0.39066
0.390119
0.389576
0.389033
0.38849
0.387955
0.387409
0.386877
0.386334
0.385784
0.385229
0.384711
0.384158
0.383618
0.383083
0.382552
0.382019
0.381485
0.380955
0.380419
0.379901
0.379365
0.378834
0.378287
0.377744
0.377196
0.376645
0.376095
0.375548
0.375022
0.37449
0.373941
0.373386
0.372842
0.37229
0.371731
0.371194
0.370647
0.370106
0.369563
0.369016
0.368456
0.367933
0.3674
0.366863
0.366327
0.36578
0.365251
0.364703
0.364151
0.363599
0.363047
0.362534
0.361981
0.361443
0.360901
0.360361
0.359818
0.359264
0.358721
0.358166
0.357626
0.357081
0.356539
0.355984
0.355425
0.354891
0.354365
0.353838
0.353304
0.352765
0.352224
0.351674
0.351134
0.350607
0.350075
0.349527
0.348977
0.348435
0.347886
0.347346
0.346798
0.346246
0.345695
0.345131
0.344589
0.344029
0.343492
0.342943
0.342406
0.341857
0.341303
0.340747
0.34021
0.339655
0.339119
0.338573
0.338047
0.337486
0.336926
0.336379
0.335824
0.335279
0.334727
0.334169
0.333615
0.333079
0.332526
0.331976
0.331426
0.3309
0.330341
0.329804
0.329273
0.328747
0.328184
0.327652
0.327101
0.326542
0.326025
0.325472
0.324936
0.324404
0.323874
0.32332
0.32278
0.322244
0.321705
0.321166
0.320617
0.320067
0.319529
0.31898
0.318448
0.317886
0.31734
0.316773
0.316211
0.315668
0.315106
0.314554
0.314012
0.313467
0.312945
0.312402
0.311877
0.311342
0.310795
0.310239
0.309703
0.309151
0.308607
0.308077
0.307535
0.306992
0.306439
0.305899
0.305356
0.304815
0.304269
0.303717
0.303197
0.302679
0.30212
0.301562
0.301023
0.300471
0.2999
0.299365
0.29883
0.298283
0.297732
0.29719
0.296644
0.296087
0.295541
0.295007
0.294474
0.293921
0.293373
0.292845
0.29231
0.291768
0.29121
0.290671
0.290115
0.289557
0.289006
0.288455
0.287908
0.287357
0.28682
0.286274
0.285748
0.285201
0.284646
0.284096
0.283567
0.283026
0.282482
0.281945
0.281383
0.280841
0.280309
0.279762
0.279218
0.278667
0.278125
0.277584
0.277048
0.276522
0.275983
0.275446
0.274905
0.274346
0.2738
0.273244
0.272686
0.272144
0.271588
0.271044
0.270507
0.269951
0.269397
0.268848
0.268286
0.267751
0.267198
0.266626
0.266067
0.265519
0.264985
0.264434
0.263877
0.263331
0.262792
0.262245
0.261698
0.261151
0.260593
0.260045
0.259492
0.258934
0.258389
0.257821
0.25727
0.256738
0.256175
0.255634
0.255088
0.254548
0.254022
0.253479
0.252914
0.25236
0.251823
0.251256
0.250715
0.250177
0.249616
0.249077
0.248544
0.247985
0.247441
0.246882
0.246317
0.245769
0.245218
0.244673
0.244104
0.243559
0.243015
0.242458
0.241919
0.241361
0.240813
0.240254
0.239695
0.239168
0.238639
0.238078
0.23754
0.236988
0.236438
0.235894
0.235332
0.234769
0.234194
0.233634
0.233082
0.232529
0.231978
0.231414
0.230849
0.230312
0.22974
0.229209
0.228671
0.228121
0.227559
0.22699
0.226437
0.225899
0.225344
0.224781
0.224225
0.223668
0.223112
0.222549
0.221968
0.221408
0.220848
0.220293
0.219738
0.21918
0.218644
0.218082
0.217525
0.216968
0.216394
0.215813
0.215264
0.21469
0.214119
0.213547
0.212985
0.212413
0.211856
0.211291
0.210731
0.210189
0.209612
0.209035
0.208461
0.207899
0.20734
0.206758
0.206173
0.205597
0.205019
0.204451
0.203877
0.203314
0.202724
0.202154
0.201569
0.201014
0.200446
0.199869
0.199293
0.198716
0.198147
0.197561
0.196967
0.196403
0.195814
0.195234
0.19466
0.194062
0.19348
0.192891
0.192302
0.191723
0.191138
0.190557
0.189973
0.189373
0.18879
0.188203
0.187608
0.187011
0.186405
0.185799
0.185202
0.184619
0.184022
0.18342
0.1828
0.182196
0.181606
0.181009
0.180408
0.179797
0.179194
0.17862
0.178027
0.177417
0.176801
0.176192
0.175578
0.17497
0.174367
0.173761
0.173121
0.172513
0.171917
0.171313
0.1707
0.170095
0.169513
0.168901
0.168286
0.167671
0.16705
0.166416
0.165807
0.165169
0.164543
0.163922
0.163312
0.162691
0.162065
0.16144
0.160816
0.160195
0.15956
0.158938
0.158317
0.15768
0.157028
0.156392
0.155757
0.155134
0.15449
0.153818
0.153163
0.1525
0.15187
0.151215
0.150564
0.149916
0.149263
0.148613
0.14796
0.147282
0.146622
0.145951
0.145291
0.144625
0.143936
0.143284
0.142619
0.141958
0.141295
0.14062
0.139948
0.139256
0.138583
0.137898
0.137237
0.136533
0.135836
0.135159
0.134458
0.133773
0.133074
0.132374
0.131673
0.130967
0.130266
0.129539
0.128836
0.12814
0.127427
0.1267
0.125987
0.125299
0.124556
0.123834
0.123102
0.122403
0.121677
0.120949
0.120221
0.119477
0.118745
0.118022
0.117288
0.116537
0.115792
0.115015
0.114268
0.113514
0.112759
0.111989
0.111244
0.110468
0.109683
0.108901
0.108125
0.107345
0.106567
0.105799
0.105001
0.104216
0.103416
0.102624
0.101844
0.101048
0.100243
0.0994455
0.0986331
0.0978132
0.0970062
0.0961473
0.0953207
0.0944969
0.0936437
0.0928177
0.091973
0.0911446
0.0903371
0.0895034
0.0886542
0.0878336
0.0869815
0.0861417
0.085282
0.0844435
0.0835792
0.0827191
0.0818871
0.0810126
0.0801414
0.0793002
0.0784268
0.0775471
0.0766756
0.0758191
0.0749357
0.0740473
0.0731918
0.0723087
0.0714087
0.0705279
0.069653
0.0687674
0.0678858
0.0669804
0.0661044
0.065196
0.0643094
0.0634365
0.0625417
0.0616587
0.0607553
0.0598483
0.058943
0.0580565
0.0571699
0.0562663
0.0553885
0.0545082
0.0536232
0.0527372
0.0518589
0.0509552
0.0500755
0.0491851
0.0482947
0.0474095
0.0465314
0.0456556
0.0447855
0.0439334
0.0430595
0.0421695
0.0412751
0.0403921
0.0395224
0.0386344
0.0377749
0.0369082
0.0360698
0.0352269
0.0343935
0.0335204
0.0326844
0.0318574
0.0310281
0.0302102
0.0294139
0.0286087
0.0278006
0.0270187
0.0262575
0.0254923
0.0247371
0.0239935
0.0232373
0.0224968
0.0217624
0.0210449
0.0203425
0.0196569
0.0189691
0.0183196
0.0176581
0.0170176
0.0163912
0.015776
0.0151645
0.0145637
0.0139774
0.0134003
0.0128503
0.0123047
0.0117826
0.0112673
0.0107438
0.0102464
0.00976304
0.00929539
0.00883174
0.00837327
0.00794472
0.00754408
0.00713966
0.00674979
0.00637348
0.00601333
0.00567212
0.00533012
0.00501204
0.00468579
0.00439782
0.00412402
0.00385759
0.00360353
0.00335765
0.0031333
0.00293029
0.00272588
0.00253703
0.00235017
0.00218545
0.00201554
0.00186079
0.00171322
0.001585
0.00146395
0.00133811
0.00123102
0.0011353
0.00104317
0.000956222
0.00088104
0.000810047
0.000741247
0.000679825
0.000625583
0.000567352
0.000525075
0.000480404
0.000436731
0.000395252
0.000355766
0.000320868
0.000286169
0.000255857
0.000230929
0.000203608
0.000179678
0.000157343
0.000140592
0.000119054
0.000103499
8.79445e-05
7.23897e-05
5.96268e-05
4.86586e-05
4.00835e-05
3.15085e-05
2.35316e-05
1.95432e-05
1.5156e-05
1.07687e-05
8.17625e-06
6.97972e-06
5.58378e-06
3.78899e-06
2.99131e-06
1.39594e-06
7.97683e-07
5.98262e-07
5.98262e-07
3.98841e-07
3.98841e-07
3.98841e-07
1.99421e-07
1.99421e-07
1.99421e-07
1.99421e-07
1.99421e-07
1.99421e-07
1.99421e-07
1.99421e-07
1.99421e-07
1.99421e-07
1.99421e-07
1.99421e-07
1.99421e-07
1.99421e-07
1.99421e-07
1.99421e-07
1.99421e-07
1.99421e-07
1.99421e-07
1.99421e-07
1.99421e-07
1.99421e-07
1.99421e-07
1.99421e-07
1.99421e-07
1.99421e-07
1.99421e-07
1.99421e-07
1.99421e-07
1.99421e-07
1.99421e-07
1.99421e-07
1.99421e-07
1.99421e-07
1.99421e-07
1.99421e-07
1.99421e-07
1.99421e-07
1.99421e-07
1.99421e-07
0
0
0
0
0
0
0
0
0
0
0
0
0
0
0
0
0
0
0
0
0
0
0
0
0
0
0
0
0
0
0
0
0
0
0
0
0
0
0
0
0
0
0
0
0
0
0
0
0
0
0
0
0
0
0
0
0
0
0
0
0
0
0
0
0
0
0
0
0
0
0
0
0
0
0
0
0
0
0
0
0
0
0
0
0
0
0
0
0
0
0
0
0
0
0
0
0
0
0
0
0
0
0
0
0
0
0
0
0
0
0
0
0
0
0
0
0
0
0
0
0
0
0
0
0
0
0
0
0
0
0
0
0
0
0
0
0
0
0
0
0
0
0
0
0
0
0
0
0
0
0
0
0
0
0
0
0
0
0
0
0
0
0
0
0
0
0
0
0
0
0
0
0
0
0
0
0
0
0
0
0
0
0
0
0
0
0
0
0
0
0
0
0
0
0
0
0
0
0
0
0
0
0
0
0
0
0
0
0
0
0
0
0
0
0
0
0
0
0
0
0
0
0
0
0
0
0
0
0
0
0
0
0
0
0
0
0
0
0
0
0
0
0
0
0
0
0
0
0
0
0
0
0
0
0
0
0
0
0
0
0
0
0
0
0
0
0
0
0
0
0
0
0
0
0
0
0
0
0
0
0
0
0
0
0
0
0
0
0
0
0
0
0
0
0
0
0
0
0
0
0
0
0
0
0
0
0
0
0
0
0
0
0
0
0
0
0
0
0
0
0
0
0
0
0
0
0
0
0
0
0
0
0
0
0
0
0
0
0
0
0
0
0
0
0
0
0
0
0
0
0
0
0
0
0
0
0
0
0
0
0
0
0
0
0
0
0
0
0
0
0
0
0
0
0
0
0
0
0
0
0
0
0
0
0
0
0
0
0
0
0
0
0
0
0
0
0
0
0
0
0
0
0
0
0
0
0
0
0
0
0
0
0
0
0
0
0
0
0
0
0
0
0
0
0
0
0
0
0
0
0
0
0
0
0
0
0
0
0
0
0
0
0
0
0
0
0
0
0
0
0
0
0
0
0
0
0
0
0
0
0
0
0
0
0
0
0
0
0
0
0
0
0
0
0
0
0
0
0
0
0
0
0
0
0
0
0
0
0
0
0
0
0
0
0
0
0
0
0
0
0
0
0
0
0
0
0
0
0
0
0
0
0
0
0
0
0
0
0
0
0
0
0
0
0
0
0
0
0
0
0
0
0
0
0
0
0
0
0
0
0
0
0
0
0
0
0
0
0
0
0
0
0
0
0
0
0
0
0
0
0
0
0
0
0
0
0
0
0
0
0
0
0
0
0
0
0
0
0
0
0
0
0
0
0
0
0
0
0
0
0
0
0
0
0
0
0
0
0
0
0
0
0
0
0
0
0
0
0
0
0
0
0
0
0
0
0
0
0
0
0
0
0
0
0
0
0
0
0
0
0
0
0
0
0
0
0
0
0
0
0
0
0
0
0
0
0
0
0
0
0
0
0
0
0
0
0
0
0
0
0
0
0
0
0
0
0
0
0
0
0
0
0
0
0
0
0
0
0
0
0
0
0
0
0
0
0
0
0
0
0
0
0
0
0
0
0
0
0
0
0
0
0
0
0
0
0
0
0
0
0
0
0
0
0
0
0
0
0
0
0
0
0
0
0
0
0
0
0
0
0
0
0
0
0
0
0
0
0
0
0
0
0
0
0
0
0
0
0
0
0
0
0
0
0
0
0
0
0
0
0
0
0
0
0
0
0
0
0
0
0
0
0
0
0
0
0
0
0
0
0
0
0
0
0
0
0
0
0
0
0
0
0
0
0
0
0
0
0
0
0
0
0
0
0
0
0
0
0
0
0
0
0
0
0
0
0
0
0
0
0
0
0
0
0
0
0
0
0
0
0
0
0
0
0
0
0
0
0
0
0
0
0
0
0
0
0
0
0
0
0
0
0
0
0
0
0
0
0
0
0
0
0
0
0
0
0
0
0
0
0
0
0
0
0
0
0
0
0
0
0
0
0
0
0
0
0
0
0
0
0
0
0
0
0
0
0
0
0
0
0
0
0
0
0
0
0
0
0
0
0
0
0
0
0
0
0
0
0
0
0
0
0
0
0
0
0
0
0
0
0
0
0
0
0
0
0
0
0
0
0
0
0
0
0
0
0
0
0
0
0
0
0
0
0
0
0
0
0
0
0
0
0
0
0
0
0
0
0
0
0
0
0
0
0
0
0
0
0
0
0
0
0
0
0
0
0
0
0
0
0
0
0
0
0
0
0
0
0
0
0
0
0
0
0
0
0
0
0
0
0
0
0
0
0
0
0
0
0
0
0
0
0
0
0
0
0
0
0
0
0
0
0
0
0
0
0
0
0
0
0
0
0
0
0
0
0
0
0
0
0
0
0
0
0
0
0
0
0
0
0
0
0
0
0
0
0
0
0
0
0
0
0
0
0
0
0
0
0
0
0
0
0
0
0
0
0
0
0
0
0
0
0
0
0
0
0
0
0
0
0
0
0
0
0
0
0
0
0
0
0
0
0
0
0
0
0
0
0
0
0
0
0
0
0
0
0
0
0
0
0
0
0
0
0
0
0
0
0
0
0
0
0
0
0
0
0
0
0
0
0
0
0
0
0
0
0
0
0
0
0
0
0
0
0
0
0
0
0
0
0
0
0
0
0
0
0
0
0
0
0
0
0
0
0
0
0
0
0
0
0
0
0
0
0
0
0
0
0
0
0
0
0
0
0
0
0
0
0
0
0
0
0
0
0
0
0
0
0
0
0
0
0
0
0
0
0
0
0
0
0
0
0
0
0
0
0
0
0
0
0
0
0
0
0
0
0
0
0
0
0
0
0
0
0
0
0
0
0
0
0
0
0
0
0
0
0
0
0
0
0
0
0
0
0
0
0
0
0
0
0
0
0
0
0
0
0
0
0
0
0
0
0
0
0
0
0
0
0
0
0
0
0
0
0
0
0
0
0
0
0
0
0
0
0
0
0
0
0
0
0
0
0
0
0
0
0
0
0
0
0
0
0
0
0
0
0
0
0
0
0
0
0
0
0
0
0
0
0
0
0
0
0
0
0
0
0
0
0
0
0
0
0
0
0
0
0
0
0
0
0
0
0
0
0
0
0
0
0
0
0
0
0
0
0
0
0
0
0
0
0
0
0
0
0
0
0
0
0
0
0
0
0
0
0
0
0
0
0
0
0
0
0
0
0
0
0
0
0
0
0
0
0
0
0
0
0
0
0
0
0
0
0
0
0
0
0
0
0
0
0
0
0
0
0
0
0
0
0
0
0
0
0
0
0
0
0
0
0
0
0
0
0
0
0
0
0
0
0
0
0
0
0
0
0
0
0
0
0
0
0
0
0
0
0
0
0
0
0
0
0
0
0
0
0
0
0
0
0
0
0
0
0
0
0
0
0
0
0
0
0
0
0
0
0
0
0
0
0
0
0
0
0
0
0
0
0
0
0
0
0
0
0
0
0
0
0
0
0
0
0
0
0
0
0
0
0
0
0
0
0
0
0
0
0
0
0
0
0
0
0
0
0
0
0
0
0
0
0
0
0
0
0
0
0
0
0
0
0
0
0
0
0
0
0
0
0
0
0
0
0
0
0
0
0
0
0
0
0
0
0
0
0
0
0
0
0
0
0
0
0
0
0
0
0
0
0
0
0
0
0
0
0
0
0
0
0
0
0
0
0
0
0
0
0
0
0
0
0
0
0
0
0
0
0
0
0
0
0
0
0
0
0
0
0
0
0
0
0
0
0
0
0
0
0
0
0
0
0
0
0
0
0
0
0
0
0
0
0
0
0
0
0
0
0
0
0
0
0
0
0
0
0
0
0
0
0
0
0
0
0
0
0
0
0
0
0
0
0
0
0
0
0
0
0
0
0
0
0
0
0
0
0
0
0
0
0
0
0
0
0
0
0
0
0
0
0
0
0
0
0
0
0
0
0
0
0
0
0
0
0
0
0
0
0
0
0
0
0
0
0
0
0
0
0
0
0
0
0
0
0
0
0
0
0
0
0
0
0
0
0
0
0
0
0
0
0
0
0
0
0
0
0
0
0
0
0
0
0
0
0
0
0
0
0
0
0
0
0
0
0
0
0
0
0
0
0
0
0
0
0
0
0
0
0
0
0
0
0
0
0
0
0
0
0
0
0
0
0
0
0
0
0
0
0
0
0
0
0
0
0
0
0
0
0
0
0
0
0
0
0
0
0
0
0
0
0
0
0
0
0
0
0
0
0
0
0
0
0
0
0
0
0
0
0
0
0
0
0
0
0
0
0
0
0
0
0
0
0
0
0
0
0
0
0
0
0
0
0
0
0
0
0
0
0
0
0
0
0
0
0
0
0
0
0
0
0
0
0
0
0
0
0
0
0
0
0
0
0
0
0
0
0
0
0
0
0
0
0
0
0
0
0
0
0
0
0
0
0
0
0
0
0
0
0
0
0
0
0
0
0
0
0
0
0
0
0
0
0
0
0
0
0
0
0
0
0
0
0
0
0
0
0
0
0
0
0
0
0
0
0
0
0
0
0
0
0
0
0
0
0
0
0
0
0
0
0
0
0
0
0
0
0
0
0
0
0
0
0
0
0
0
0
0
0
0
0
0
0
0
0
0
0
0
0
0
0
0
0
0
0
0
0
0
0
0
0
0
0
0
0
0
0
0
0
0
0
0
0
0
0
0
0
0
0
0
0
0
0
0
0
0
0
0
0
0
0
0
0
0
0
0
0
0
0
0
0
0
0
0
0
0
0
0
0
0
0
0
0
0
0
0
0
0
0
0
0
0
0
0
0
0
0
0
0
0
0
0
0
0
0
0
0
0
0
0
0
0
0
0
0
0
0
0
0
0
0
0
0
0
0
0
0
0
0
0
0
0
0
0
0
0
0
0
0
0
0
0
0
0
0
0
0
0
0
0
0
0
0
0
0
0
0
0
0
0
0
0
0
0
0
0
0
0
0
0
0
0
0
0
0
0
0
0
0
0
0
0
0
0
0
0
0
0
0
0
0
0
0
0
0
0
0
0
0
0
0
0
0
0
0
0
0
0
0
0
0
0
0
0
0
0
0
0
0
0
0
0
0
0
0
0
0
0
0
0
0
0
0
0
0
0
0
0
0
0
0
0
0
0
0
0
0
0
0
0
0
0
0
0
0
0
0
0
0
0
0
0
0
0
0
0
0
0
0
0
0
0
0
0
0
0
0
0
0
0
0
0
0
0
0
0
0
0
0
0
0
0
0
0
0
0
0
0
0
0
0
0
0
0
0
0
0
0
0
0
0
0
0
0
0
0
0
0
0
0
0
0
0
0
0
0
0
0
0
0
0
0
0
0
0
0
0
0
0
0
0
0
0
0
0
0
0
0
0
0
0
0
0
0
0
0
0
0
0
0
0
0
0
0
0
0
0
0
0
0
0
0
0
0
0
0
0
0
0
0
0
0
0
0
0
0
0
0
0
0
0
0
0
0
0
0
0
0
0
0
0
0
0
0
0
0
0
0
0
0
0
0
0
0
0
0
0
0
0
0
0
0
0
0
0
0
0
0
0
0
0
0
0
0
0
0
0
0
0
0
0
0
0
0
0
0
0
0
0
0
0
0
0
0
0
0
0
0
0
0
0
0
0
0
0
0
0
0
0
0
0
0
0
0
0
0
0
0
0
0
0
0
0
0
0
0
0
0
0
0
0
0
0
0
0
0
0
0
0
0
0
0
0
0
0
0
0
0
0
0
0
0
0
0
0
0
0
0
0
0
0
0
0
0
0
0
0
0
0
0
0
0
0
0
0
0
0
0
0
0
0
0
0
0
0
0
0
0
0
0
0
0
0
0
0
0
0
0
0
0
0
0
0
0
0
0
0
0
0
0
0
0
0
0
0
0
0
0
0
0
0
0
0
0
0
0
0
0
0
0
0
0
0
0
0
0
0
0
0
0
0
0
0
0
0
0
0
0
0
0
0
0
0
0
0
0
0
0
0
0
0
0
0
0
0
0
0
0
0
0
0
0
0
0
0
0
0
0
0
0
0
0
0
0
0
0
0
0
0
0
0
0
0
0
0
0
0
0
0
0
0
0
0
0
0
0
0
0
0
0
0
0
0
0
0
0
0
0
0
0
0
0
0
0
0
0
0
0
0
0
0
0
0
0
0
0
0
0
0
0
0
0
0
0
0
0
0
0
0
0
0
0
0
0
0
0
0
0
0
0
0
0
0
0
0
0
0
0
0
0
0
0
0
0
0
0
0
0
0
0
0
0
0
0
0
0
0
0
0
0
0
0
0
0
0
0
0
0
0
0
0
0
0
0
0
0
0
0
0
0
0
0
0
0
0
0
0
0
0
0
0
0
0
0
0
0
0
0
0
0
0
0
0
0
0
0
0
0
0
0
0
0
0
0
0
0
0
0
0
0
0
0
0
0
0
0
0
0
0
0
0
0
0
0
0
0
0
0
0
0
0
0
0
0
0
0
0
0
0
0
0
0
0
0
0
0
0
0
0
0
0
0
0
0
0
0
0
0
0
0
0
0
0
0
0
0
0
0
0
0
0
0
0
0
0
0
0
0
0
0
0
0
0
0
0
0
0
0
0
0
0
0
0
0
0
0
0
0
0
0
0
0
0
0
0
0
0
0
0
0
0
0
0
0
0
0
0
0
0
0
0
0
0
0
0
0
0
0
0
0
0
0
0
0
0
0
0
0
0
0
0
0
0
0
0
0
0
0
0
0
0
0
0
0
0
0
0
0
0
0
0
0
0
0
0
0
0
0
0
0
0
0
0
0
0
0
0
0
0
0
0
0
0
0
0
0
0
0
0
0
0
0
0
0
0
0
0
0
0
0
0
0
0
0
0
0
0
0
0
0
0
0
0
0
0
0
0
0
0
0
0
0
0
0
0
0
0
0
0
0
0
0
0
0
0
0
0
0
0
0
0
0
0
0
0
0
0
0
0
0
0
0
0
0
0
0
0
0
0
0
0
0
0
0
0
0
0
0
0
0
0
0
0
0
0
0
0
0
0
0
0
0
0
0
0
0
0
0
0
0
0
0
0
0
0
0
0
0
0
0
0
0
0
0
0
0
0
0
0
0
0
0
0
0
0
0
0
0
0
0
0
0
0
0
0
0
0
0
0
0
0
0
0
0
0
0
0
0
0
0
0
0
0
0
0
0
0
0
0
0
0
0
0
0
0
0
0
0
0
0
0
0
0
0
0
0
0
0
0
0
0
0
0
0
0
0
0
0
0
0
0
0
0
0
0
0
0
0
0
0
0
0
0
0
0
0
0
0
0
0
0
0
0
0
0
0
0
0
0
0
0
0
0
0
0
0
0
0
0
0
0
0
0
0
0
0
0
0
0
0
0
0
0
0
0
0
0
0
0
0
0
0
0
0
0
0
0
0
0
0
0
0
0
0
0
0
0
0
0
0
0
0
0
0
0
0
0
0
0
0
0
0
0
0
0
0
0
0
0
0
0
0
0
0
0
0
0
0
0
0
0
0
0
0
0
0
0
0
0
0
0
0
0
0
0
0
0
0
0
0
0
0
0
0
0
0
0
0
0
0
0
0
0
0
0
0
0
0
0
0
0
0
0
0
0
0
0
0
0
0
0
0
0
0
0
0
0
0
0
0
0
0
0
0
0
0
0
0
0
0
0
0
0
0
0
0
0
0
0
0
0
0
0
0
0
0
0
0
0
0
0
0
0
0
0
0
0
0
0
0
0
0
0
0
0
0
0
0
0
0
0
0
0
0
0
0
0
0
0
0
0
0
0
0
0
0
0
0
0
0
0
0
0
0
0
0
0
0
0
0
0
0
0
0
0
0
0
0
0
0
0
0
0
0
0
0
0
0
0
0
0
0
0
0
0
0
0
0
0
0
0
0
0
0
0
0
0
0
0
0
0
0
0
0
0
0
0
0
0
0
0
0
0
0
0
0
0
0
0
0
0
0
0
0
0
0
0
0
0
0
0
0
0
0
0
0
0
0
0
0
0
0
0
0
0
0
0
0
0
0
0
0
0
0
0
0
0
0
0
0
0
0
0
0
0
0
0
0
0
0
0
0
0
0
0
0
0
0
0
0
0
0
0
0
0
0
0
0
0
0
0
0
0
0
0
0
0
0
0
0
0
0
0
0
0
0
0
0
0
0
0
0
0
0
0
0
0
0
0
0
0
0
0
0
0
0
0
0
0
0
0
0
0
0
0
0
0
0
0
0
0
0
0
0
0
0
0
0
0
0
0
0
0
0
0
0
0
0
0
0
0
0
0
0
0
0
0
0
0
0
0
0
0
0
0
0
0
0
0
0
0
0
0
0
0
0
0
0
0
0
0
0
0
0
0
0
0
0
0
0
0
0
0
0
0
0
0
0
0
0
0
0
0
0
0
0
0
0
0
0
0
0
0
0
0
0
0
0
0
0
0
0
0
0
0
0
0
0
0
0
0
0
0
0
0
0
0
0
0
0
0
0
0
0
0
0
0
0
0
0
0
0
0
0
0
0
0
0
0
0
0
0
0
0
0
0
0
0
0
0
0
0
0
0
0
0
0
0
0
0
0
0
0
0
0
0
0
0
0
0
0
0
0
0
0
0
0
0
0
0
0
0
0
0
0
0
0
0
0
0
0
0
0
0
0
0
0
0
0
0
0
0
0
0
0
0
0
0
0
0
0
0
0
0
0
0
0
0
0
0
0
0
0
0
0
0
0
0
0
0
0
0
0
0
0
0
0
0
0
0
0
0
0
0
0
0
0
0
0
0
0
0
0
0
0
0
0
0
0
0
0
0
0
0
0
0
0
0
0
0
0
0
0
0
0
0
0
0
0
0
0
0
0
0
0
0
0
0
0
0
0
0
0
0
0
0
0
0
0
0
0
0
0
0
0
0
0
0
0
0
0
0
0
0
0
0
0
0
0
0
0
0
0
0
0
0
0
0
0
0
0
0
0
0
0
0
0
0
0
0
0
0
0
0
0
0
0
0
0
0
0
0
0
0
0
0
0
0
0
0
0
0
0
0
0
0
0
0
0
0
0
0
0
0
0
0
0
0
0
0
0
0
0
0
0
0
0
0
0
0
0
0
0
0
0
0
0
0
0
0
0
0
0
0
0
0
0
0
0
0
0
0
0
0
0
0
0
0
0
0
0
0
0
0
0
0
0
0
0
0
0
0
0
0
0
0
0
0
0
0
0
0
0
0
0
0
0
0
0
0
0
0
0
0
0
0
0
0
0
0
0
0
0
0
0
0
0
0
0
0
0
0
0
0
0
0
0
0
0
0
0
0
0
0
0
0
0
0
0
0
0
0
0
0
0
0
0
0
0
0
0
0
0
0
0
0
0
0
0
0
0
0
0
0
0
0
0
0
0
0
0
0
0
0
0
0
0
0
0
0
0
0
0
0
0
0
0
0
0
0
0
0
0
0
0
0
0
0
0
0
0
0
0
0
0
0
0
0
0
0
0
0
0
0
0
0
0
0
0
0
0
0
0
0
0
0
0
0
0
0
0
0
0
0
0
0
0
0
0
0
0
0
0
0
0
0
0
0
0
0
0
0
0
0
0
0
0
0
0
0
0
0
0
0
0
0
0
0
0
0
0
0
0
0
0
0
0
0
0
0
0
0
0
0
0
0
0
0
0
0
0
0
0
0
0
0
0
0
0
0
0
0
0
0
0
0
0
0
0
0
0
0
0
0
0
0
0
0
0
0
0
0
0
0
0
0
0
0
0
0
0
0
0
0
0
0
0
0
0
0
0
0
0
0
0
0
0
0
0
0
0
0
0
0
0
0
0
0
0
0
0
0
0
0
0
0
0
0
0
0
0
0
0
0
0
0
0
0
0
0
0
0
0
0
0
0
0
0
0
0
0
0
0
0
0
0
0
0
0
0
0
0
0
0
0
0
0
0
0
0
0
0
0
0
0
0
0
0
0
0
0
0
0
0
0
0
0
0
0
0
0
0
0
0
0
0
0
0
0
0
0
0
0
0
0
0
0
0
0
0
0
0
0
0
0
0
0
0
0
0
0
0
0
0
0
0
0
0
0
0
0
0
0
0
0
0
0
0
0
0
0
0
0
0
0
0
0
0
0
0
0
0
0
0
0
0
0
0
0
0
0
0
0
0
0
0
0
0
0
0
0
0
0
0
0
0
0
0
0
0
0
0
0
0
0
0
0
0
0
0
0
0
0
0
0
0
0
0
0
0
0
0
0
0
0
0
0
0
0
0
0
0
0
0
0
0
0
0
0
0
0
0
0
0
0
0
0
0
0
0
0
0
0
0
0
0
0
0
0
0
0
0
0
0
0
0
0
0
0
0
0
0
0
0
0
0
0
0
0
0
0
0
0
0
0
0
0
0
0
0
0
0
0
0
0
0
0
0
0
0
0
0
0
0
0
0
0
0
0
0
0
0
0
0
0
0
0
0
0
0
0
0
0
0
0
0
0
0
0
0
0
0
0
0
0
0
0
0
0
0
0
0
0
0
0
0
0
0
0
0
0
0
0
0
0
0
0
0
0
0
0
0
0
0
0
0
0
0
0
0
0
0
0
0
0
0
0
0
0
0
0
0
0
0
0
0
0
0
0
0
0
0
0
0
0
0
0
0
0
0
0
0
0
0
0
0
0
0
0
0
0
0
0
0
0
0
0
0
0
0
0
0
0
0
0
0
0
0
0
0
0
0
0
0
0
0
0
0
0
0
0
0
0
0
0
0
0
0
0
0
0
0
0
0
0
0
0
0
0
0
0
0
0
0
0
0
0
0
0
0
0
0
0
0
0
0
0
0
0
0
0
0
0
0
0
0
0
0
0
0
0
0
0
0
0
0
0
0
0
0
0
0
0
0
0
0
0
0
0
0
0
0
0
0
0
0
0
0
0
0
0
0
0
0
0
0
0
0
0
0
0
0
0
0
0
0
0
0
0
0
0
0
0
0
0
0
0
0
0
0
0
0
0
0
0
0
0
0
0
0
0
0
0
0
0
0
0
0
0
0
0
0
0
0
0
0
0
0
0
0
0
0
0
0
0
0
0
0
0
0
0
0
0
0
0
0
0
0
0
0
0
0
0
0
0
0
0
0
0
0
0
0
0
0
0
0
0
0
0
0
0
0
0
0
0
0
0
0
0
0
0
0
0
0
0
0
0
0
0
0
0
0
0
0
0
0
0
0
0
0
0
0
0
0
0
0
0
0
0
0
0
0
0
0
0
0
0
0
0
0
0
0
0
0
0
0
0
0
0
0
0
0
0
0
0
0
0
0
0
0
0
0
0
0
0
0
0
0
0
0
0
0
0
0
0
0
0
0
0
0
0
0
0
0
0
0
0
0
0
0
0
0
0
0
0
0
0
0
0
0
0
0
0
0
0
0
0
0
0
0
0
0
0
0
0
0
0
0
0
0
0
0
0
0
0
0
0
0
0
0
0
0
0
0
0
0
0
0
0
0
0
0
0
0
0
0
0
0
0
0
0
0
0
0
0
0
0
0
0
0
0
0
0
0
0
0
0
0
0
0
0
0
0
0
0
0
0
0
0
0
0
0
0
0
0
0
0
0
0
0
0
0
0
0
0
0
0
0
0
0
0
0
0
0
0
0
0
0
0
0
0
0
0
0
0
0
0
0
0
0
0
0
0
0
0
0
0
0
0
0
0
0
0
0
0
0
0
0
0
0
0
0
0
0
0
0
0
0
0
0
0
0
0
0
0
0
0
0
0
0
0
0
0
0
0
0
0
0
0
0
0
0
0
0
0
0
0
0
0
0
0
0
0
0
0
0
0
0
0
0
0
0
0
0
0
0
0
0
0
0
0
0
0
0
0
0
0
0
0
0
0
0
0
0
0
0
0
0
0
0
0
0
0
0
0
0
0
0
0
0
0
0
0
0
0
0
0
0
0
0
0
0
0
0
0
0
0
0
0
0
0
0
0
0
0
0
0
0
0
0
0
0
0
0
0
0
0
0
0
0
0
0
0
0
0
0
0
0
0
0
0
0
0
0
0
0
0
0
0
0
0
0
0
0
0
0
0
0
0
0
0
0
0
0
0
0
0
0
0
0
0
0
0
0
0
0
0
0
0
0
0
0
0
0
0
0
0
0
0
0
0
0
0
0
0
0
0
0
0
0
0
0
0
0
0
0
0
0
0
0
0
0
0
0
0
0
0
0
0
0
0
0
0
0
0
0
0
0
0
0
0
0
0
0
0
0
0
0
0
0
0
0
0
0
0
0
0
0
0
0
0
0
0
0
0
0
0
0
0
0
0
0
0
0
0
0
0
0
0
0
0
0
0
0
0
0
0
0
0
0
0
0
0
0
0
0
0
0
0
0
0
0
0
0
0
0
0
0
0
0
0
0
0
0
0
0
0
0
0
0
0
0
0
0
0
0
0
0
0
0
0
0
0
0
0
0
0
0
0
0
0
0
0
0
0
0
0
0
0
0
0
0
0
0
0
0
0
0
0
0
0
0
0
0
0
0
0
0
0
0
0
0
0
0
0
0
0
0
0
0
0
0
0
0
0
0
0
0
0
0
0
0
0
0
0
0
0
0
0
0
0
0
0
0
0
0
0
0
0
0
0
0
0
0
0
0
0
0
0
0
0
0
0
0
0
0
0
0
0
0
0
0
0
0
0
0
0
0
0
0
0
0
0
0
0
0
0
0
0
0
0
0
0
0
0
0
0
0
0
0
0
0
0
0
0
0
0
0
0
0
0
0
0
0
0
0
0
0
0
0
0
0
0
0
0
0
0
0
0
0
0
0
0
0
0
0
0
0
0
0
0
0
0
0
0
0
0
0
0
0
0
0
0
0
0
0
0
0
0
0
0
0
0
0
0
0
0
0
0
0
0
0
0
0
0
0
0
0
0
0
0
0
0
0
0
0
0
0
0
0
0
0
0
0
0
0
0
0
0
0
0
0
0
0
0
0
0
0
0
0
0
0
0
0
0
0
0
0
0
0
0
0
0
0
0
0
0
0
0
0
0
0
0
0
0
0
0
0
0
0
0
0
0
0
0
0
0
0
0
0
0
0
0
0
0
0
0
0
0
0
0
0
0
0
0
0
0
0
0
0
0
0
0
0
0
0
0
0
0
0
0
0
0
0
0
0
0
0
0
0
0
0
0
0
0
0
0
0
0
0
0
0
0
0
0
0
0
0
0
0
0
0
0
0
0
0
0
0
0
0
0
0
0
0
0
0
0
0
0
0
0
0
0
0
0
0
0
0
0
0
0
0
0
0
0
0
0
0
0
0
0
0
0
0
0
0
0
0
0
0
0
0
0
0
0
0
0
0
0
0
0
0
0
0
0
0
0
0
0
0
0
0
0
0
0
0
0
0
0
0
0
0
0
0
0
0
0
0
0
0
0
0
0
0
0
0
0
0
0
0
0
0
0
0
0
0
0
0
0
0
0
0
0
0
0
0
0
0
0
0
0
0
0
0
0
0
0
0
0
0
0
0
0
0
0
0
0
0
0
0
0
0
0
0
0
0
0
0
0
0
0
0
0
0
0
0
0
0
0
0
0
0
0
0
0
0
0
0
0
0
0
0
0
0
0
0
0
0
0
0
0
0
0
0
0
0
0
0
0
0
0
0
0
0
0
0
0
0
0
0
0
0
0
0
0
0
0
0
0
0
0
0
0
0
0
0
0
0
0
0
0
0
0
0
0
0
0
0
0
0
0
0
0
0
0
0
0
0
0
0
0
0
0
0
0
0
0
0
0
0
0
0
0
0
0
0
0
0
0
0
0
0
0
0
0
0
0
0
0
0
0
0
0
0
0
0
0
0
0
0
0
0
0
0
0
0
0
0
0
0
0
0
0
0
0
0
0
0
0
0
0
0
0
0
0
0
0
0
0
0
0
0
0
0
0
0
0
0
0
0
0
0
0
0
0
0
0
0
0
0
0
0
0
0
0
0
0
0
0
0
0
0
0
0
0
0
0
0
0
0
0
0
0
0
0
0
0
0
0
0
0
0
0
0
0
0
0
0
0
0
0
0
0
0
0
0
0
0
0
0
0
0
0
0
0
0
0
0
0
0
0
0
0
0
0
0
0
0
0
0
0
0
0
0
0
0
0
0
0
0
0
0
0
0
0
0
0
0
0
0
0
0
0
0
0
0
0
0
0
0
0
0
0
0
0
0
0
0
0
0
0
0
0
0
0
0
0
0
0
0
0
0
0
0
0
0
0
0
0
0
0
0
0
0
0
0
0
0
0
0
0
0
0
0
0
0
0
0
0
0
0
0
0
0
0
0
0
0
0
0
0
0
0
0
0
0
0
0
0
0
0
0
0
0
0
0
0
0
0
0
0
0
0
0
0
0
0
0
0
0
0
0
0
0
0
0
0
0
0
0
0
0
0
0
0
0
0
0
0
0
0
0
0
0
0
0
0
0
0
0
0
0
0
0
0
0
0
0
0
0
0
0
0
0
0
0
0
0
0
0
0
0
0
0
0
0
0
0
0
0
0
0
0
0
0
0
0
0
0
0
0
0
0
0
0
0
0
0
0
0
0
0
0
0
0
0
0
0
0
0
0
0
0
0
0
0
0
0
0
0
0
0
0
0
0
0
0
0
0
0
0
0
0
0
0
0
0
0
0
0
0
0
0
0
0
0
0
0
0
0
0
0
0
0
0
0
0
0
0
0
0
0
0
0
0
0
0
0
0
0
0
0
0
0
0
0
0
0
0
0
0
0
0
0
0
0
0
0
0
0
0
0
0
0
0
0
0
0
0
0
0
0
0
0
0
0
0
0
0
0
0
0
0
0
0
0
0
0
0
0
0
0
0
0
0
0
0
0
0
0
0
0
0
0
0
0
0
0
0
0
0
0
0
0
0
0
0
0
0
0
0
0
0
0
0
0
0
0
0
0
0
0
0
0
0
0
0
0
0
0
0
0
0
0
0
0
0
0
0
0
0
0
0
0
0
0
0
0
0
0
0
0
0
0
0
0
0
0
0
0
0
0
0
0
0
0
0
0
0
0
0
0
0
0
0
0
0
0
0
0
0
0
0
0
0
0
0
0
0
0
0
0
0
0
0
0
0
0
0
0
0
0
0
0
0
0
0
0
0
0
0
0
0
0
0
0
0
0
0
0
0
0
0
0
0
0
0
0
0
0
0
0
0
0
0
0
0
0
0
0
0
0
0
0
0
0
0
0
0
0
0
0
0
0
0
0
0
0
0
0
0
0
0
0
0
0
0
0
0
0
0
0
0
0
0
0
0
0
0
0
0
0
0
0
0
0
0
0
0
0
0
0
0
0
0
0
0
0
0
0
0
0
0
0
0
0
0
0
0
0
0
0
0
0
0
0
0
0
0
0
0
0
0
0
0
0
0
0
0
0
0
0
0
0
0
0
0
0
0
0
0
0
0
0
0
0
0
0
0
0
0
0
0
0
0
0
0
0
0
0
0
0
0
0
0
0
0
0
0
0
0
0
0
0
0
0
0
0
0
0
0
0
0
0
0
0
0
0
0
0
0
0
0
0
0
0
0
0
0
0
0
0
0
0
0
0
0
0
0
0
0
0
0
0
0
0
0
0
0
0
0
0
0
0
0
0
0
0
0
0
0
0
0
0
0
0
0
0
0
0
0
0
0
0
0
0
0
0
0
0
0
0
0
0
0
0
0
0
0
0
0
0
0
0
0
0
0
0
0
0
0
0
0
0
0
0
0
0
0
0
0
0
0
0
0
0
0
0
0
0
0
0
0
0
0
0
0
0
0
0
0
0
0
0
0
0
0
0
0
0
0
0
0
0
0
0
0
0
0
0
0
0
0
0
0
0
0
0
0
0
0
0
0
0
0
0
0
0
0
0
0
0
0
0
0
0
0
0
0
0
0
0
0
0
0
0
0
0
0
0
0
0
0
0
0
0
0
0
0
0
0
0
0
0
0
0
0
0
0
0
0
0
0
0
0
0
0
0
0
0
0
0
0
0
0
0
0
0
0
0
0
0
0
0
0
0
0
0
0
0
0
0
0
0
0
0
0
0
0
0
0
0
0
0
0
0
0
0
0
0
0
0
0
0
0
0
0
0
0
0
0
0
0
0
0
0
0
0
0
0
0
0
0
0
0
0
0
0
0
0
0
0
0
0
0
0
0
0
0
0
0
0
0
0
0
0
0
0
0
0
0
0
0
0
0
0
0
0
0
0
0
0
0
0
0
0
0
0
0
0
0
0
0
0
0
0
0
0
0
0
0
0
0
0
0
0
0
0
0
0
0
0
0
0
0
0
0
0
0
0
0
0
0
0
0
0
0
0
0
0
0
0
0
0
0
0
0
0
0
0
0
0
0
0
0
0
0
0
0
0
0
0
0
0
0
0
0
0
0
0
0
0
0
0
0
0
0
0
0
0
0
0
0
0
0
0
0
0
0
0
0
0
0
0
0
0
0
0
0
0
0
0
0
0
0
0
0
0
0
0
0
0
0
0
0
0
0
0
0
0
0
0
0
0
0
0
0
0
0
0
0
0
0
0
0
0
0
0
0
0
0
0
0
0
0
0
0
0
0
0
0
0
0
0
0
0
0
0
0
0
0
0
0
0
0
0
0
0
0
0
0
0
0
0
0
0
0
0
0
0
0
0
0
0
0
0
0
0
0
0
0
0
0
0
0
0
0
0
0
0
0
0
0
0
0
0
0
0
0
0
0
0
0
0
0
0
0
0
0
0
0
0
0
0
0
0
0
0
0
0
0
0
0
0
0
0
0
0
0
0
0
0
0
0
0
0
0
0
0
0
0
0
0
0
0
0
0
0
0
0
0
0
0
0
0
0
0
0
0
0
0
0
0
0
0
0
0
0
0
0
0
0
0
0
0
0
0
0
0
0
0
0
0
0
0
0
0
0
0
0
0
0
0
0
0
0
0
0
0
0
0
0
0
0
0
0
0
0
0
0
0
0
0
0
0
0
0
0
0
0
0
0
0
0
0
0
0
0
0
0
0
0
0
0
0
0
0
0
0
0
0
0
0
0
0
0
0
0
0
0
0
0
0
0
0
0
0
0
0
0
0
0
0
0
0
0
0
0
0
0
0
0
0
0
0
0
0
0
0
0
0
0
0
0
0
0
0
0
0
0
0
0
0
0
0
0
0
0
0
0
0
0
0
0
0
0
0
0
0
0
0
0
0
0
0
0
0
0
0
0
0
0
0
0
0
0
0
0
0
0
0
0
0
0
0
0
0
0
0
0
0
0
0
0
0
0
0
0
0
0
0
0
0
0
0
0
0
0
0
0
0
0
0
0
0
0
0
0
0
0
0
0
0
0
0
0
0
0
0
0
0
0
0
0
0
0
0
0
0
0
0
0
0
0
0
0
0
0
0
0
0
0
0
0
0
0
0
0
0
0
0
0
0
0
0
0
0
0
0
0
0
0
0
0
0
0
0
0
0
0
0
0
0
0
0
0
0
0
0
0
0
0
0
0
0
0
0
0
0
0
0
0
0
0
0
0
0
0
0
0
0
0
0
0
0
0
0
0
0
0
0
0
0
0
0
0
0
0
0
0
0
0
0
0
0
0
0
0
0
0
0
0
0
0
0
0
0
0
0
0
0
0
0
0
0
0
0
0
0
0
0
0
0
0
0
0
0
0
0
0
0
0
0
0
0
0
0
0
0
0
0
0
0
0
0
0
0
0
0
0
0
0
0
0
0
0
0
0
0
0
0
0
0
0
0
0
0
0
0
0
0
0
0
0
0
0
0
0
0
0
0
0
0
0
0
0
0
0
0
0
0
0
0
0
0
0
0
0
0
0
0
0
0
0
0
0
0
0
0
0
0
0
0
0
0
0
0
0
0
0
0
0
0
0
0
0
0
0
0
0
0
0
0
0
0
0
0
0
0
0
0
0
0
0
0
0
0
0
0
0
0
0
0
0
0
0
0
0
0
0
0
0
0
0
0
0
0
0
0
0
0
0
0
0
0
0
0
0
0
0
0
0
0
0
0
0
0
0
0
0
0
0
0
0
0
0
0
0
0
0
0
0
0
0
0
0
0
0
0
0
0
0
0
0
0
0
0
0
0
0
0
0
0
0
0
0
0
0
0
0
0
0
0
0
0
0
0
0
0
0
0
0
0
0
0
0
0
0
0
0
0
0
0
0
0
0
0
0
0
0
0
0
0
0
0
0
0
0
0
0
0
0
0
0
0
0
0
0
0
0
0
0
0
0
0
0
0
0
0
0
0
0
0
0
0
0
0
0
0
0
0
0
0
0
0
0
0
0
0
0
0
0
0
0
0
0
0
0
0
0
0
0
0
0
0
0
0
0
0
0
0
0
0
0
0
0
0
0
0
0
0
0
0
0
0
0
0
0
0
0
0
0
0
0
0
0
0
0
0
0
0
0
0
0
0
0
0
0
0
0
0
0
0
0
0
0
0
0
0
0
0
0
0
0
0
0
0
0
0
0
0
0
0
0
0
0
0
0
0
0
0
0
0
0
0
0
0
0
0
0
0
0
0
0
0
0
0
0
0
0
0
0
0
0
0
0
0
0
0
0
0
0
0
0
0
0
0
0
0
0
0
0
0
0
0
0
0
0
0
0
0
0
0
0
0
0
0
0
0
0
0
0
0
0
0
0
0
0
0
0
0
0
0
0
0
0
0
0
0
0
0
0
0
0
0
0
0
0
0
0
0
0
0
0
0
0
0
0
0
0
0
0
0
0
0
0
0
0
0
0
0
0
0
0
0
0
0
0
0
0
0
0
0
0
0
0
0
0
0
0
0
0
0
0
0
0
0
0
0
0
0
0
0
0
0
0
0
0
0
0
0
0
0
0
0
0
0
0
0
0
0
0
0
0
0
0
0
0
0
0
0
0
0
0
0
0
0
0
0
0
0
0
0
0
0
0
0
0
0
0
0
0
0
0
0
0
0
0
0
0
0
0
0
0
0
0
0
0
0
0
0
0
0
0
0
0
0
0
0
0
0
0
0
0
0
0
0
0
0
0
0
0
0
0
0
0
0
0
0
0
0
0
0
0
0
0
0
0
0
0
0
0
0
0
0
0
0
0
0
0
0
0
0
0
0
0
0
0
0
0
0
0
0
0
0
0
0
0
0
0
0
0
0
0
0
0
0
0
0
0
0
0
0
0
0
0
0
0
0
0
0
0
0
0
0
0
0
0
0
0
0
0
0
0
0
0
0
0
0
0
0
0
0
0
0
0
0
0
0
0
0
0
0
0
0
0
0
0
0
0
0
0
0
0
0
0
0
0
0
0
0
0
0
0
0
0
0
0
0
0
0
0
0
0
0
0
0
0
0
0
0
0
0
0
0
0
0
0
0
0
0
0
0
0
0
0
0
0
0
0
0
0
0
0
0
0
0
0
0
0
0
0
0
0
0
0
0
0
0
0
0
0
0
0
0
0
0
0
0
0
0
0
0
0
0
0
0
0
0
0
0
0
0
0
0
0
0
0
0
0
0
0
0
0
0
0
0
0
0
0
0
0
0
0
0
0
0
0
0
0
0
0
0
0
0
0
0
0
0
0
0
0
0
0
0
0
0
0
0
0
0
0
0
0
0
0
0
0
0
0
0
0
0
0
0
0
0
0
0
0
0
0
0
0
0
0
0
0
0
0
0
0
0
0
0
0
0
0
0
0
0
0
0
0
0
0
0
0
0
0
0
0
0
0
0
0
0
0
0
0
0
0
0
0
0
0
0
0
0
0
0
0
0
0
0
0
0
0
0
0
0
0
0
0
0
0
0
0
0
0
0
0
0
0
0
0
0
0
0
0
0
0
0
0
0
0
0
0
0
0
0
0
0
0
0
0
0
0
0
0
0
0
0
0
0
0
0
0
0
0
0
0
0
0
0
0
0
0
0
0
0
0
0
0
0
0
0
0
0
0
0
0
0
0
0
0
0
0
0
0
0
0
0
0
0
0
0
0
0
0
0
0
0
0
0
0
0
0
0
0
0
0
0
0
0
0
0
0
0
0
0
0
0
0
0
0
0
0
0
0
0
0
0
0
0
0
0
0
0
0
0
0
0
0
0
0
0
0
0
0
0
0
0
0
0
0
0
0
0
0
0
0
0
0
0
0
0
0
0
0
0
0
0
0
0
0
0
0
0
0
0
0
0
0
0
0
0
0
0
0
0
0
0
0
0
0
0
0
0
0
0
0
0
0
0
0
0
0
0
0
0
0
0
0
0
0
0
0
0
0
0
0
0
0
0
0
0
0
0
0
0
0
0
0
0
0
0
0
0
0
0
0
0
0
0
0
0
0
0
0
0
0
0
0
0
0
0
0
0
0
0
0
0
0
0
0
0
0
0
0
0
0
0
0
0
0
0
0
0
0
0
0
0
0
0
0
0
0
0
0
0
0
0
0
0
0
0
0
0
0
0
0
0
0
0
0
0
0
0
0
0
0
0
0
0
0
0
0
0
0
0
0
0
0
0
0
0
0
0
0
0
0
0
0
0
0
0
0
0
0
0
0
0
0
0
0
0
0
0
0
0
0
0
0
0
0
0
0
0
0
0
0
0
0
0
0
0
0
0
0
0
0
0
0
0
0
0
0
0
0
0
0
0
0
0
0
0
0
0
0
0
0
0
0
0
0
0
0
0
0
0
0
0
0
0
0
0
0
0
0
0
0
0
0
0
0
0
0
0
0
0
0
0
0
0
0
0
0
0
0
0
0
0
0
0
0
0
0
0
0
0
0
0
0
0
0
0
0
0
0
0
0
0
0
0
0
0
0
0
0
0
0
0
0
0
0
0
0
0
0
0
0
0
0
0
0
0
0
0
0
0
0
0
0
0
0
0
0
0
0
0
0
0
0
0
0
0
0
0
0
0
0
0
0
0
0
0
0
0
0
0
0
0
0
0
0
0
0
0
0
0
0
0
0
0
0
0
0
0
0
0
0
0
0
0
0
0
0
0
0
0
0
0
0
0
0
0
0
0
0
0
0
0
0
0
0
0
0
0
0
0
0
0
0
0
0
0
0
0
0
0
0
0
0
0
0
0
0
0
0
0
0
0
0
0
0
0
0
0
0
0
0
0
0
0
0
0
0
0
0
0
0
0
0
0
0
0
0
0
0
0
0
0
0
0
0
0
0
0
0
0
0
0
0
0
0
0
0
0
0
0
0
0
0
0
0
0
0
0
0
0
0
0
0
0
0
0
0
0
0
0
0
0
0
0
0
0
0
0
0
0
0
0
0
0
0
0
0
0
0
0
0
0
0
0
0
0
0
0
0
0
0
0
0
0
0
0
0
0
0
0
0
0
0
0
0
0
0
0
0
0
0
0
0
0
0
0
0
0
0
0
0
0
0
0
0
0
0
0
0
0
0
0
0
0
0
0
0
0
0
0
0
0
0
0
0
0
0
0
0
0
0
0
0
0
0
0
0
0
0
0
0
0
0
0
0
0
0
0
0
0
0
0
0
0
0
0
0
0
0
0
0
0
0
0
0
0
0
0
0
0
0
0
0
0
0
0
0
0
0
0
0
0
0
0
0
0
0
0
0
0
0
0
0
0
0
0
0
0
0
0
0
0
0
0
0
0
0
0
0
0
0
0
0
0
0
0
0
0
0
0
0
0
0
0
0
0
0
0
0
0
0
0
0
0
0
0
0
0
0
0
0
0
0
0
0
0
0
0
0
0
0
0
0
0
0
0
0
0
0
0
0
0
0
0
0
0
0
0
0
0
0
0
0
0
0
0
0
0
0
0
0
0
0
0
0
0
0
0
0
0
0
0
0
0
0
0
0
0
0
0
0
0
0
0
0
0
0
0
0
0
0
0
0
0
0
0
0
0
0
0
0
0
0
0
0
0
0
0
0
0
0
0
0
0
0
0
0
0
0
0
0
0
0
0
0
0
0
0
0
0
0
0
0
0
0
0
0
0
0
0
0
0
0
0
0
0
0
0
0
0
0
0
0
0
0
0
0
0
0
0
0
0
0
0
0
0
0
0
0
0
0
0
0
0
0
0
0
0
0
0
0
0
0
0
0
0
0
0
0
0
0
0
0
0
0
0
0
0
0
0
0
0
0
0
0
0
0
0
0
0
0
0
0
0
0
0
0
0
0
0
0
0
0
0
0
0
0
0
0
0
0
0
0
0
0
0
0
0
0
0
0
0
0
0
0
0
0
0
0
0
0
0
0
0
0
0
0
0
0
0
0
0
0
0
0
0
0
0
0
0
0
0
0
0
0
0
0
0
0
0
0
0
0
0
0
0
0
0
0
0
0
0
0
0
0
0
0
0
0
0
0
0
0
0
0
0
0
0
0
0
0
0
0
0
0
0
0
0
0
0
0
0
0
0
0
0
0
0
0
0
0
0
0
0
0
0
0
0
0
0
0
0
0
0
0
0
0
0
0
0
0
0
0
0
0
0
0
0
0
0
0
0
0
0
0
0
0
0
0
0
0
0
0
0
0
0
0
0
0
0
0
