1
1
1
1
1
1
1
1
1
1
1
1
1
1
1
1
1
1
1
1
1
1
1
1
1
1
1
1
1
1
1
1
1
1
1
1
1
1
1
1
1
1
1
1
1
1
1
1
1
1
1
1
1
1
1
1
1
1
1
1
1
1
1
1
1
1
1
1
1
1
1
1
1
1
1
1
1
1
1
1
1
1
1
1
1
1
1
1
1
1
1
1
1
1
1
1
1
1
1
1
1
1
1
1
1
1
1
1
1
1
1
1
1
1
1
1
1
1
1
1
1
1
1
1
1
1
1
1
1
1
1
1
1
1
1
1
1
1
1
1
1
1
1
1
1
1
1
1
1
1
1
1
1
1
1
1
1
1
1
1
1
1
1
1
1
1
1
1
1
1
1
1
1
1
1
1
1
1
1
1
1
1
1
1
1
1
1
1
1
1
1
1
1
1
1
1
1
1
1
1
1
1
1
1
1
1
1
1
1
1
1
1
1
1
1
1
1
1
1
1
1
1
1
1
1
1
1
1
1
1
1
1
1
1
1
1
1
1
1
1
1
1
1
1
1
1
1
1
1
1
1
1
1
1
1
1
1
1
1
1
1
1
1
1
1
1
1
1
1
1
1
1
1
1
1
1
1
1
1
1
1
1
1
1
1
1
1
1
1
1
1
1
1
1
1
1
1
1
1
1
1
1
1
1
1
1
1
1
1
1
1
1
1
1
1
1
1
1
1
1
1
1
1
1
1
1
1
1
1
1
1
1
1
1
1
1
1
1
1
1
1
1
1
1
1
1
1
1
1
1
1
1
1
1
1
1
1
1
1
1
1
1
1
1
1
1
1
1
1
1
1
1
1
1
1
1
1
1
1
1
1
1
1
1
1
1
1
1
1
1
1
1
1
1
1
1
1
1
1
1
1
1
1
1
1
1
1
1
1
1
1
1
1
1
1
1
1
1
1
1
1
1
1
1
1
1
1
1
1
1
1
1
1
1
1
1
1
1
1
1
1
1
1
1
1
1
1
1
1
1
1
1
1
1
1
1
1
1
1
1
1
1
1
1
1
1
1
1
1
1
1
1
1
1
1
1
1
1
1
1
1
1
1
1
1
1
1
1
1
1
1
1
1
1
1
1
1
1
1
1
1
1
1
1
1
1
1
1
1
1
1
1
1
1
1
1
1
1
1
1
1
1
1
1
1
1
1
1
1
1
1
1
1
1
1
1
1
1
1
1
1
1
1
1
1
1
1
1
1
1
1
1
1
1
1
1
1
1
1
1
1
1
1
1
1
1
1
1
1
1
1
1
1
1
1
1
1
1
1
1
1
1
1
1
1
1
1
1
1
1
1
1
1
1
1
1
1
1
1
1
1
1
1
1
1
1
1
1
1
1
1
1
1
1
1
1
1
1
1
1
1
1
1
1
1
1
1
1
1
1
1
1
1
1
1
1
1
1
1
1
1
1
1
1
1
1
1
1
1
1
1
1
1
1
1
1
1
1
1
1
1
1
1
1
1
1
1
1
1
1
1
1
1
1
1
1
1
1
1
1
1
1
1
1
1
1
1
1
1
1
1
1
1
1
1
1
1
1
1
1
1
1
1
1
1
1
1
1
1
1
1
1
1
1
1
1
1
1
1
1
1
1
1
1
1
1
1
1
1
1
1
1
1
1
1
1
1
1
1
1
1
1
1
1
1
1
1
1
1
1
1
1
1
1
1
1
1
1
1
1
1
1
1
1
1
1
1
1
1
1
1
1
1
1
1
1
1
1
1
1
1
1
1
1
1
1
1
1
1
1
1
1
1
1
1
1
1
1
1
1
1
1
1
1
1
1
1
1
1
1
1
1
1
1
1
1
1
1
1
1
1
1
1
1
1
1
1
1
1
1
1
1
1
1
1
1
1
1
1
1
1
1
1
1
1
1
1
1
1
1
1
1
1
1
1
1
1
1
1
1
1
1
1
1
1
1
1
1
1
1
1
1
1
1
1
1
1
1
1
1
1
1
1
1
1
1
1
1
1
1
1
1
1
1
1
1
1
1
1
1
1
1
1
1
1
1
1
1
1
1
1
1
1
1
1
1
1
1
1
1
1
1
1
1
1
1
1
1
1
1
1
1
1
1
1
1
1
1
1
1
1
1
1
1
1
1
1
1
1
1
1
1
1
1
1
1
1
1
1
1
1
1
1
1
1
1
1
1
1
1
1
1
1
1
1
1
1
1
1
1
1
1
1
1
1
1
1
1
1
1
1
1
1
1
1
1
1
1
1
1
1
1
1
1
1
1
1
1
1
1
1
1
1
1
1
1
1
1
1
1
1
1
1
1
1
1
1
1
1
1
1
1
1
1
1
1
1
1
1
1
1
1
1
1
1
1
1
1
1
1
1
1
1
1
1
1
1
1
1
1
1
1
1
1
1
1
1
1
1
1
1
1
1
1
1
1
1
1
1
1
1
1
1
1
1
1
1
1
1
1
1
1
1
1
1
1
1
1
1
1
1
1
1
1
1
1
1
1
1
1
1
1
1
1
1
1
1
1
1
1
1
1
1
1
1
1
1
1
1
1
1
1
1
1
1
1
1
1
1
1
1
1
1
1
1
1
1
1
1
1
1
1
1
1
1
1
1
1
1
1
1
1
1
1
1
1
1
1
1
1
1
1
1
1
1
1
1
1
1
1
1
1
1
1
1
1
1
1
1
1
1
1
1
1
1
1
1
1
1
1
1
1
1
1
1
1
1
1
1
1
1
1
1
1
1
1
1
1
1
1
1
1
1
1
1
1
1
1
1
1
1
1
1
1
1
1
1
1
1
1
1
1
1
1
1
1
1
1
1
1
1
1
1
1
1
1
1
1
1
1
1
1
1
1
1
1
1
1
1
1
1
1
1
1
1
1
1
1
1
1
1
1
1
1
1
1
1
1
1
1
1
1
1
1
1
1
1
1
1
1
1
1
1
1
1
1
1
1
1
1
1
1
1
1
1
1
1
1
1
1
1
1
1
1
1
1
1
1
1
1
1
1
1
1
1
1
1
1
1
1
1
1
1
1
1
1
1
1
1
1
1
1
1
1
1
1
1
1
1
1
1
1
1
1
1
1
1
1
1
1
1
1
1
1
1
1
1
1
1
1
1
1
1
1
1
1
1
1
1
1
1
1
1
1
1
1
1
1
1
1
1
1
1
1
1
1
1
1
1
1
1
1
1
1
1
1
1
1
1
1
1
1
1
1
1
1
1
1
1
1
1
1
1
1
1
1
1
1
1
1
1
1
1
1
1
1
1
1
1
1
1
1
1
1
1
1
1
1
1
1
1
1
1
1
1
1
1
1
1
1
1
1
1
1
1
1
1
1
1
1
1
1
1
1
1
1
1
1
1
1
1
1
1
1
1
1
1
1
1
1
1
1
1
1
1
1
1
1
1
1
1
1
1
1
1
1
1
1
1
1
1
1
1
1
1
1
1
1
1
1
1
1
1
1
1
1
1
1
1
1
1
1
1
1
1
1
1
1
1
1
1
1
1
1
1
1
1
1
1
1
1
1
1
1
1
1
1
1
1
1
1
1
1
1
1
1
1
1
1
1
1
1
1
1
1
1
1
1
1
1
1
1
1
1
1
1
1
1
1
1
1
1
1
1
1
1
1
1
1
1
1
1
1
1
1
1
1
1
1
1
1
1
1
1
1
1
1
1
1
1
1
1
1
1
1
1
1
1
1
1
1
1
1
1
1
1
1
1
1
1
1
1
1
1
1
1
1
1
1
1
1
1
1
1
1
1
1
1
1
1
1
1
1
1
1
1
1
1
1
1
1
1
1
1
1
1
1
1
1
1
1
1
1
1
1
1
1
1
1
1
1
1
1
1
1
1
1
1
1
1
1
1
1
1
1
1
1
1
1
1
1
1
1
1
1
1
1
1
1
1
1
1
1
1
1
1
1
1
1
1
1
1
1
1
1
1
1
1
1
1
1
1
1
1
1
1
1
1
1
1
1
1
1
1
1
1
1
1
1
1
1
1
1
1
1
1
1
1
1
1
1
1
1
1
1
1
1
1
1
1
1
1
1
1
1
1
1
1
1
1
1
1
1
1
1
1
1
1
1
1
1
1
1
1
1
1
1
1
1
1
1
1
1
1
1
1
1
1
1
1
1
1
1
1
1
1
1
1
1
1
1
1
1
1
1
1
1
1
1
1
1
1
1
1
1
1
1
1
1
1
1
1
1
1
1
1
1
1
1
1
1
1
1
1
1
1
1
1
1
1
1
1
1
1
1
1
1
1
1
1
1
1
1
1
1
1
1
1
1
1
1
1
1
1
1
1
1
1
1
1
1
1
1
1
1
1
1
1
1
1
1
1
1
1
1
1
1
1
1
1
1
1
1
1
1
1
1
1
1
1
1
1
1
1
1
1
1
1
1
1
1
1
1
1
1
1
1
1
1
1
1
1
1
1
1
1
1
1
1
1
1
1
1
1
1
1
1
1
1
1
1
1
1
1
1
1
1
1
1
1
1
1
1
1
1
1
1
1
1
1
1
1
1
1
1
1
1
1
1
1
1
1
1
1
1
1
1
1
1
1
1
1
1
1
1
1
1
1
1
1
1
1
1
1
1
1
1
1
1
1
1
1
1
1
1
1
1
1
1
1
1
1
1
1
1
1
1
1
1
1
1
1
1
1
1
1
1
1
1
1
1
1
1
1
1
1
1
1
1
1
1
1
1
1
1
1
1
1
1
1
1
1
1
1
1
1
1
1
1
1
1
1
1
1
1
1
1
1
1
1
1
1
1
1
1
1
1
1
1
1
1
1
1
1
1
1
1
1
1
1
1
1
1
1
1
1
1
1
1
1
1
1
1
1
1
1
1
1
1
1
1
1
1
1
1
1
1
1
1
1
1
1
1
1
1
1
1
1
1
1
1
1
1
1
1
1
1
1
1
1
1
1
1
1
1
1
1
1
1
1
1
1
1
1
1
1
1
1
1
1
1
1
1
1
1
1
1
1
1
1
1
1
1
1
1
1
1
1
1
1
1
1
1
1
1
1
1
1
1
1
1
1
1
1
1
1
1
1
1
1
1
1
1
1
1
1
1
1
1
1
1
1
1
1
1
1
1
1
1
1
1
1
1
1
1
1
1
1
1
1
1
1
1
1
1
1
1
1
1
1
1
1
1
1
1
1
1
1
1
1
1
1
1
1
1
1
1
1
1
1
1
1
1
1
1
1
1
1
1
1
1
1
1
1
1
1
1
1
1
1
1
1
1
1
1
1
1
1
1
1
1
1
1
1
1
1
1
1
1
1
1
1
1
1
1
1
1
1
1
1
1
1
1
1
1
1
1
1
1
1
1
1
1
1
1
1
1
1
1
1
1
1
1
1
1
1
1
1
1
1
1
1
1
1
1
1
1
1
1
1
1
1
1
1
1
1
1
1
1
1
1
1
1
1
1
1
1
1
1
1
1
1
1
1
1
1
1
1
1
1
1
1
1
1
1
1
1
1
1
1
1
1
1
1
1
1
1
1
1
1
1
1
1
1
1
1
1
1
1
1
1
1
1
1
1
1
1
1
1
1
1
1
1
1
1
1
1
1
1
1
1
1
1
1
1
1
1
1
1
1
1
1
1
1
1
1
1
1
1
1
1
1
1
1
1
1
1
1
1
1
1
1
0.999999
0.999998
0.999998
0.999997
0.999996
0.999996
0.999995
0.999994
0.999994
0.999993
0.999992
0.999991
0.999991
0.99999
0.999989
0.999988
0.999988
0.999987
0.999986
0.999986
0.999985
0.999984
0.999983
0.999983
0.999982
0.999981
0.999981
0.99998
0.99998
0.999979
0.999979
0.999978
0.999977
0.999977
0.999976
0.999976
0.999975
0.999974
0.999974
0.999973
0.999972
0.999972
0.999971
0.99997
0.99997
0.999969
0.999968
0.999967
0.999967
0.999966
0.999965
0.999964
0.999964
0.999963
0.999962
0.999962
0.999961
0.999961
0.99996
0.99996
0.999959
0.999959
0.999958
0.999957
0.999956
0.999956
0.999955
0.999954
0.999954
0.999953
0.999953
0.999952
0.999952
0.999951
0.99995
0.99995
0.999949
0.999948
0.999948
0.999947
0.999946
0.999945
0.999945
0.999944
0.999943
0.999943
0.999942
0.999941
0.999941
0.99994
0.999939
0.999938
0.999938
0.999937
0.999936
0.999935
0.999935
0.999934
0.999933
0.999932
0.999931
0.999931
0.99993
0.999929
0.999929
0.999928
0.999927
0.999927
0.999926
0.999926
0.999925
0.999924
0.999924
0.999923
0.999923
0.999922
0.999921
0.99992
0.99992
0.999919
0.999918
0.999917
0.999917
0.999916
0.999915
0.999915
0.999914
0.999914
0.999913
0.999912
0.999911
0.999911
0.99991
0.999909
0.999909
0.999908
0.999907
0.999906
0.999906
0.999905
0.999904
0.999904
0.999903
0.999903
0.999902
0.999901
0.9999
0.9999
0.999899
0.999898
0.999898
0.999897
0.999897
0.999896
0.999895
0.999895
0.999894
0.999893
0.999893
0.999892
0.999891
0.999891
0.99989
0.999889
0.999888
0.999888
0.999887
0.999886
0.999886
0.999885
0.999884
0.999883
0.999883
0.999882
0.999881
0.99988
0.99988
0.999879
0.999878
0.999878
0.999877
0.999877
0.999876
0.999876
0.999875
0.999874
0.999874
0.999873
0.999872
0.999871
0.999871
0.99987
0.999869
0.999868
0.999868
0.999867
0.999866
0.999865
0.999864
0.999864
0.999863
0.999862
0.999861
0.99986
0.999859
0.999858
0.999857
0.999857
0.999856
0.999855
0.999854
0.999854
0.999853
0.999852
0.999851
0.999851
0.99985
0.999849
0.999848
0.999848
0.999847
0.999846
0.999846
0.999845
0.999844
0.999843
0.999842
0.999841
0.999841
0.99984
0.999839
0.999838
0.999838
0.999837
0.999836
0.999836
0.999835
0.999835
0.999834
0.999833
0.999833
0.999832
0.999831
0.999831
0.99983
0.999829
0.999829
0.999828
0.999827
0.999827
0.999826
0.999825
0.999825
0.999824
0.999823
0.999822
0.999822
0.999821
0.99982
0.999819
0.999818
0.999817
0.999816
0.999816
0.999815
0.999814
0.999814
0.999813
0.999812
0.999811
0.99981
0.999809
0.999808
0.999807
0.999806
0.999805
0.999804
0.999803
0.999802
0.999802
0.999801
0.9998
0.9998
0.999799
0.999799
0.999798
0.999797
0.999796
0.999795
0.999794
0.999793
0.999792
0.999791
0.99979
0.999789
0.999788
0.999787
0.999786
0.999785
0.999785
0.999783
0.999783
0.999782
0.999781
0.99978
0.999779
0.999778
0.999778
0.999777
0.999776
0.999775
0.999774
0.999773
0.999772
0.999771
0.99977
0.999769
0.999768
0.999767
0.999766
0.999765
0.999765
0.999763
0.999763
0.999762
0.999761
0.99976
0.999759
0.999758
0.999757
0.999756
0.999754
0.999753
0.999752
0.999751
0.99975
0.999749
0.999748
0.999747
0.999746
0.999744
0.999743
0.999742
0.99974
0.999739
0.999739
0.999737
0.999736
0.999735
0.999734
0.999732
0.999731
0.999729
0.999728
0.999727
0.999726
0.999724
0.999723
0.999722
0.999721
0.99972
0.999718
0.999717
0.999716
0.999715
0.999713
0.999712
0.999711
0.999709
0.999707
0.999706
0.999704
0.999702
0.999701
0.9997
0.999698
0.999697
0.999696
0.999694
0.999693
0.999692
0.99969
0.999689
0.999687
0.999685
0.999684
0.999682
0.99968
0.999679
0.999677
0.999675
0.999674
0.999672
0.99967
0.999668
0.999666
0.999665
0.999663
0.999661
0.999659
0.999657
0.999655
0.999654
0.999652
0.99965
0.999649
0.999646
0.999644
0.999642
0.99964
0.999637
0.999636
0.999634
0.999631
0.999629
0.999627
0.999625
0.999623
0.999621
0.999619
0.999616
0.999614
0.999612
0.99961
0.999607
0.999604
0.999602
0.9996
0.999598
0.999595
0.999592
0.99959
0.999586
0.999584
0.999581
0.999577
0.999574
0.999571
0.999568
0.999565
0.999563
0.99956
0.999557
0.999553
0.99955
0.999546
0.999543
0.99954
0.999537
0.999533
0.99953
0.999526
0.999523
0.999519
0.999516
0.999512
0.999508
0.999505
0.999501
0.999498
0.999493
0.99949
0.999486
0.999482
0.999479
0.999475
0.999471
0.999466
0.999461
0.999457
0.999453
0.999449
0.999445
0.99944
0.999435
0.999432
0.999427
0.999422
0.999417
0.999412
0.999408
0.999403
0.999398
0.999393
0.999388
0.999383
0.999377
0.999371
0.999365
0.99936
0.999354
0.999348
0.999342
0.999337
0.999331
0.999325
0.999318
0.999311
0.999305
0.999298
0.999291
0.999285
0.999278
0.99927
0.999263
0.999256
0.999248
0.999241
0.999234
0.999227
0.99922
0.999212
0.999205
0.999196
0.999187
0.999178
0.999169
0.999161
0.999153
0.999144
0.999134
0.999125
0.999116
0.999106
0.999097
0.999087
0.999078
0.999068
0.999058
0.999047
0.999037
0.999026
0.999015
0.999004
0.998992
0.998981
0.99897
0.998959
0.998947
0.998936
0.998925
0.998913
0.998901
0.99889
0.998879
0.998866
0.998852
0.998837
0.998824
0.998811
0.998797
0.998783
0.998769
0.998754
0.998739
0.998723
0.998708
0.998691
0.998675
0.998661
0.998644
0.998627
0.99861
0.998593
0.998577
0.998559
0.998541
0.998525
0.998505
0.998487
0.99847
0.998451
0.998432
0.998413
0.998393
0.998371
0.998351
0.99833
0.998309
0.998288
0.998265
0.998244
0.998223
0.9982
0.998178
0.998155
0.998133
0.99811
0.998087
0.998062
0.998039
0.998014
0.997986
0.997957
0.997932
0.997904
0.997877
0.99785
0.997823
0.997795
0.997767
0.997739
0.997711
0.99768
0.997652
0.997621
0.997592
0.997563
0.997532
0.997501
0.997468
0.997434
0.997402
0.997369
0.997332
0.997299
0.997267
0.997231
0.997197
0.99716
0.997124
0.997086
0.99705
0.99701
0.996973
0.996937
0.996898
0.996857
0.996817
0.996776
0.996736
0.996694
0.996653
0.996611
0.99657
0.996526
0.996482
0.996438
0.996394
0.996351
0.996307
0.996261
0.996216
0.996172
0.996126
0.99608
0.996032
0.995985
0.995937
0.995889
0.995844
0.995795
0.995747
0.995697
0.995649
0.995599
0.995548
0.995497
0.995445
0.995393
0.99534
0.995288
0.995237
0.995186
0.995129
0.995076
0.995021
0.994966
0.994912
0.994859
0.994802
0.994746
0.994687
0.994628
0.994574
0.994515
0.994456
0.994394
0.994334
0.994273
0.994209
0.994146
0.994084
0.994022
0.993957
0.993892
0.993827
0.993763
0.993695
0.993628
0.993559
0.993491
0.993423
0.993355
0.993286
0.993217
0.993146
0.993076
0.993002
0.99293
0.992854
0.992776
0.992701
0.992624
0.992549
0.992475
0.992398
0.992321
0.992241
0.99216
0.992076
0.991995
0.991912
0.991829
0.991746
0.991663
0.991579
0.991493
0.991403
0.991316
0.991226
0.99113
0.991041
0.990947
0.990854
0.990761
0.990669
0.990573
0.990474
0.990375
0.990277
0.990173
0.990072
0.989974
0.98987
0.989764
0.989662
0.989555
0.989449
0.989341
0.989235
0.989124
0.989012
0.988898
0.988785
0.988668
0.988553
0.988438
0.988322
0.988201
0.988083
0.987962
0.987841
0.987719
0.987591
0.987464
0.987338
0.987204
0.987072
0.986941
0.986811
0.986678
0.986543
0.986407
0.98627
0.986135
0.985995
0.985859
0.985718
0.985574
0.985434
0.985287
0.985138
0.984992
0.98484
0.984696
0.984548
0.984401
0.984249
0.984094
0.98394
0.983783
0.983626
0.983467
0.983305
0.983144
0.982984
0.982823
0.982662
0.982502
0.982336
0.982167
0.981998
0.981826
0.981647
0.981469
0.981292
0.981118
0.980938
0.980754
0.980577
0.980397
0.980215
0.980031
0.979843
0.97966
0.979466
0.97927
0.979077
0.978885
0.978688
0.978487
0.978282
0.978081
0.977875
0.977672
0.97747
0.977259
0.977048
0.976837
0.976623
0.976409
0.976193
0.975976
0.975757
0.975542
0.975319
0.975089
0.974866
0.97464
0.974407
0.974178
0.973944
0.973702
0.973462
0.973216
0.972971
0.972724
0.972477
0.972221
0.971965
0.971712
0.971457
0.971197
0.970933
0.970668
0.970399
0.970135
0.969865
0.969594
0.969324
0.969041
0.96876
0.968478
0.968192
0.967906
0.967624
0.967329
0.967036
0.96674
0.966442
0.966144
0.965831
0.965523
0.965213
0.964894
0.964587
0.964268
0.963951
0.963632
0.963309
0.96298
0.962646
0.962315
0.961977
0.961638
0.961301
0.960959
0.96061
0.960264
0.959917
0.959566
0.959211
0.958858
0.958507
0.95815
0.957786
0.95742
0.957049
0.956666
0.95629
0.955915
0.955536
0.955159
0.954783
0.954399
0.954012
0.953624
0.953231
0.952834
0.952436
0.952037
0.951629
0.951236
0.950829
0.950421
0.950001
0.949586
0.949162
0.948742
0.948316
0.947889
0.947464
0.947034
0.946607
0.94617
0.945737
0.945292
0.94485
0.94441
0.943954
0.943501
0.943045
0.942598
0.942149
0.941694
0.941236
0.940775
0.940309
0.939848
0.939379
0.938909
0.93843
0.937947
0.937462
0.936976
0.9365
0.936011
0.935527
0.935034
0.934544
0.934046
0.933552
0.933052
0.932554
0.932057
0.931554
0.931042
0.930534
0.930017
0.929506
0.928989
0.928472
0.92794
0.927413
0.926879
0.926351
0.925824
0.925291
0.92476
0.924231
0.923697
0.923168
0.922627
0.922087
0.921544
0.920998
0.920453
0.919899
0.919352
0.918799
0.918248
0.917697
0.91715
0.916599
0.916037
0.915484
0.914925
0.914368
0.913809
0.913251
0.912684
0.912117
0.911556
0.910997
0.910434
0.909863
0.9093
0.908735
0.908172
0.907607
0.907041
0.906468
0.905908
0.905332
0.904758
0.904186
0.903623
0.903053
0.902479
0.9019
0.901318
0.900746
0.900172
0.899604
0.899029
0.898452
0.897875
0.897302
0.896722
0.896152
0.895577
0.895004
0.894425
0.893847
0.893269
0.892686
0.892118
0.891543
0.890976
0.890393
0.889817
0.889249
0.888673
0.888103
0.887525
0.886946
0.886371
0.885795
0.885221
0.884639
0.884061
0.883482
0.88291
0.882336
0.881758
0.881178
0.8806
0.880021
0.879445
0.878856
0.878276
0.8777
0.877128
0.876544
0.875962
0.875378
0.874799
0.874218
0.873634
0.873065
0.872486
0.871905
0.871321
0.870737
0.870161
0.869577
0.868994
0.868408
0.867832
0.867241
0.866651
0.86608
0.865497
0.864912
0.864334
0.86375
0.863162
0.862578
0.861997
0.861409
0.860831
0.860249
0.859661
0.859086
0.858502
0.857929
0.857348
0.856759
0.856174
0.855588
0.855011
0.854427
0.853838
0.85325
0.852673
0.85209
0.851518
0.850934
0.850358
0.849782
0.849201
0.848615
0.848039
0.847458
0.846885
0.846308
0.84573
0.845153
0.844585
0.844007
0.843431
0.842853
0.842283
0.841707
0.841134
0.840567
0.839997
0.839426
0.838858
0.838287
0.837722
0.837156
0.836593
0.836021
0.835455
0.834887
0.83432
0.833752
0.833198
0.832629
0.832063
0.831504
0.830938
0.830371
0.829813
0.829252
0.828686
0.828131
0.827562
0.826994
0.826443
0.825883
0.825317
0.824744
0.824188
0.823626
0.823041
0.822467
0.821902
0.821341
0.820785
0.820212
0.819647
0.819075
0.818501
0.817938
0.81737
0.816805
0.816233
0.81566
0.815092
0.814526
0.813952
0.813379
0.812807
0.812236
0.811657
0.811078
0.810499
0.809926
0.809351
0.808778
0.808204
0.807627
0.807044
0.806468
0.805889
0.805321
0.80474
0.804173
0.803596
0.803015
0.802436
0.801853
0.801273
0.800685
0.800113
0.799516
0.798941
0.798368
0.797784
0.797201
0.796626
0.79605
0.795464
0.79488
0.794289
0.793697
0.793109
0.79253
0.791946
0.791367
0.790787
0.790203
0.789616
0.78903
0.788439
0.78785
0.787265
0.786676
0.786095
0.785505
0.784929
0.784345
0.783773
0.783189
0.782606
0.782029
0.781448
0.780867
0.780297
0.779713
0.779127
0.778547
0.777963
0.777386
0.776809
0.776229
0.775653
0.775074
0.774503
0.773924
0.773342
0.772754
0.772185
0.771607
0.771037
0.770471
0.769884
0.769302
0.768726
0.76815
0.767574
0.766999
0.766427
0.76585
0.765273
0.764694
0.764116
0.763541
0.762958
0.762382
0.761804
0.761229
0.760653
0.76008
0.759504
0.758925
0.758352
0.757774
0.757193
0.756616
0.756041
0.755475
0.754898
0.754323
0.753752
0.753185
0.752606
0.752031
0.751448
0.750858
0.750285
0.749709
0.74913
0.748543
0.747967
0.747393
0.746815
0.746231
0.745655
0.745079
0.744499
0.743913
0.743338
0.742748
0.742165
0.741583
0.740998
0.740413
0.739826
0.739242
0.738653
0.738063
0.73748
0.736896
0.736315
0.735732
0.735149
0.73456
0.733979
0.733389
0.732809
0.732225
0.731642
0.73106
0.730481
0.729895
0.729316
0.728735
0.728141
0.727552
0.726977
0.726397
0.725812
0.725237
0.72465
0.724069
0.72348
0.722896
0.722318
0.721747
0.721168
0.720592
0.720008
0.719427
0.718846
0.718265
0.717683
0.717101
0.716522
0.715938
0.715362
0.714782
0.714203
0.713624
0.713041
0.712466
0.711889
0.711316
0.710745
0.710161
0.709586
0.709002
0.708424
0.707842
0.707252
0.706672
0.706091
0.705516
0.704934
0.704357
0.703782
0.703197
0.702615
0.702032
0.701448
0.700868
0.700286
0.699709
0.69913
0.698558
0.697985
0.697401
0.696815
0.69624
0.695665
0.695089
0.694517
0.693944
0.693365
0.692794
0.692207
0.691633
0.691047
0.69047
0.689883
0.689299
0.688708
0.68812
0.687542
0.686959
0.686382
0.685801
0.685221
0.684643
0.684057
0.68348
0.682895
0.682316
0.681731
0.681158
0.680577
0.679999
0.679413
0.678834
0.678261
0.677682
0.677094
0.676516
0.675931
0.675348
0.674762
0.674184
0.673599
0.673021
0.67243
0.67185
0.67128
0.670694
0.670128
0.669548
0.66896
0.668375
0.667802
0.667224
0.666653
0.666073
0.665493
0.664908
0.664331
0.663755
0.663177
0.6626
0.662019
0.661447
0.66088
0.66031
0.659723
0.65914
0.658567
0.657988
0.657414
0.656824
0.656244
0.655661
0.655084
0.654505
0.653919
0.653351
0.652769
0.652189
0.651614
0.651038
0.650468
0.649893
0.649311
0.648733
0.648149
0.647577
0.646997
0.646417
0.64584
0.645255
0.644669
0.64409
0.643504
0.642923
0.64234
0.641766
0.641196
0.640613
0.640028
0.639455
0.638871
0.638289
0.637712
0.637134
0.636558
0.635972
0.635386
0.634799
0.634223
0.633636
0.633054
0.632466
0.631876
0.631289
0.630703
0.630119
0.629531
0.628936
0.628349
0.627762
0.627169
0.626586
0.626006
0.625412
0.624831
0.624247
0.62366
0.623069
0.622479
0.621899
0.621311
0.620726
0.620132
0.619545
0.618966
0.618379
0.617793
0.61721
0.616629
0.616036
0.615435
0.614853
0.614265
0.61368
0.613092
0.612505
0.611921
0.611338
0.610739
0.610146
0.609553
0.608964
0.608367
0.607777
0.607192
0.606605
0.606012
0.605424
0.604842
0.604255
0.603663
0.60307
0.602482
0.601894
0.601304
0.60072
0.60013
0.599548
0.598955
0.598369
0.597784
0.597195
0.596605
0.59602
0.595433
0.594845
0.594256
0.593673
0.593083
0.592498
0.591912
0.59132
0.590734
0.590145
0.589559
0.58897
0.588382
0.58781
0.587222
0.586637
0.586059
0.585471
0.584882
0.584301
0.583723
0.583133
0.58255
0.581969
0.581381
0.580788
0.580201
0.579619
0.579033
0.578454
0.577875
0.57729
0.576703
0.576106
0.575521
0.574936
0.574351
0.573769
0.573184
0.572592
0.572007
0.571419
0.570839
0.570248
0.569655
0.569071
0.568489
0.567907
0.567325
0.56674
0.566154
0.56556
0.564979
0.56439
0.563806
0.563218
0.562638
0.562047
0.561471
0.560881
0.560298
0.559721
0.559135
0.558545
0.557955
0.557369
0.556791
0.556206
0.555618
0.555034
0.554442
0.553854
0.553267
0.552687
0.552109
0.551524
0.550935
0.550354
0.549773
0.549184
0.548593
0.548003
0.547421
0.546832
0.546252
0.545665
0.545082
0.544493
0.543905
0.543307
0.542719
0.542133
0.54154
0.540946
0.54036
0.539779
0.539195
0.538596
0.538005
0.537412
0.536807
0.53621
0.535619
0.535019
0.534416
0.533821
0.533228
0.532634
0.532032
0.531446
0.530845
0.530258
0.529666
0.529075
0.52848
0.52789
0.527302
0.52671
0.526111
0.525517
0.524924
0.524331
0.523734
0.523138
0.52254
0.521944
0.521357
0.520759
0.520166
0.51958
0.518997
0.518398
0.517804
0.517215
0.516624
0.516026
0.515441
0.514841
0.51425
0.513654
0.513065
0.512473
0.511889
0.51131
0.510714
0.510124
0.509544
0.508953
0.508362
0.507774
0.507189
0.506597
0.506009
0.505415
0.504824
0.504235
0.503655
0.503074
0.502488
0.501899
0.501322
0.500745
0.500168
0.499586
0.49901
0.498437
0.497859
0.497278
0.496705
0.496128
0.495551
0.494976
0.494401
0.493826
0.493251
0.492675
0.492101
0.49153
0.490957
0.490385
0.48981
0.489236
0.48867
0.488105
0.487541
0.486971
0.486401
0.485829
0.48525
0.484676
0.484109
0.483535
0.482961
0.482383
0.481813
0.481237
0.480666
0.480092
0.479517
0.47895
0.478372
0.477802
0.477218
0.476652
0.476078
0.475504
0.474925
0.474347
0.473775
0.473204
0.47263
0.472053
0.471474
0.470899
0.470321
0.469754
0.46917
0.468587
0.468009
0.467424
0.466838
0.46625
0.465664
0.465083
0.464506
0.463919
0.463337
0.462761
0.462179
0.461591
0.461008
0.460427
0.459846
0.459252
0.458655
0.45807
0.457475
0.45689
0.456298
0.455707
0.455111
0.454512
0.45392
0.453331
0.452741
0.452153
0.451567
0.450969
0.450376
0.449788
0.449199
0.448608
0.448021
0.447425
0.446833
0.446238
0.445656
0.445079
0.444487
0.443897
0.44331
0.442718
0.442123
0.441528
0.440939
0.440344
0.439757
0.439157
0.438567
0.437975
0.437381
0.436795
0.436214
0.435624
0.435032
0.434433
0.433844
0.433252
0.432663
0.432076
0.431486
0.430892
0.430306
0.429714
0.429127
0.428533
0.427948
0.42736
0.426775
0.426191
0.425609
0.425025
0.424445
0.423859
0.423274
0.422699
0.422122
0.421542
0.420952
0.420365
0.419779
0.419192
0.418605
0.418017
0.417434
0.416846
0.416265
0.415683
0.4151
0.41451
0.413931
0.413347
0.41276
0.412177
0.411582
0.411005
0.410422
0.409834
0.409253
0.40867
0.408094
0.407515
0.406928
0.406349
0.405766
0.405181
0.404582
0.404
0.403422
0.402847
0.402263
0.401675
0.401089
0.400511
0.399936
0.399361
0.398778
0.398208
0.397625
0.397044
0.396463
0.395879
0.395287
0.394712
0.394132
0.393552
0.392967
0.39238
0.391798
0.391215
0.39064
0.390059
0.389472
0.388896
0.388311
0.387732
0.387154
0.386571
0.385995
0.385413
0.384835
0.384256
0.383676
0.383098
0.382512
0.381927
0.381338
0.380752
0.380158
0.379577
0.378998
0.378417
0.377835
0.377249
0.376661
0.376087
0.375507
0.374925
0.37434
0.373753
0.373167
0.372587
0.372011
0.371421
0.370837
0.37026
0.369683
0.369111
0.368527
0.367947
0.367365
0.366778
0.366198
0.365616
0.365032
0.364463
0.363892
0.363323
0.362741
0.362158
0.361571
0.360986
0.360401
0.359816
0.359239
0.35865
0.358078
0.357489
0.356911
0.35633
0.355755
0.355175
0.354593
0.354003
0.35342
0.352843
0.352273
0.351695
0.351123
0.350539
0.349961
0.349378
0.348794
0.348208
0.347626
0.347047
0.346465
0.345885
0.345309
0.344726
0.344143
0.343552
0.342968
0.342378
0.341794
0.341207
0.340617
0.340032
0.339442
0.338848
0.338259
0.337671
0.337081
0.336501
0.335906
0.335323
0.334736
0.334144
0.333555
0.332966
0.332386
0.331801
0.331221
0.330638
0.330052
0.329468
0.328879
0.328289
0.327698
0.327113
0.326532
0.32594
0.32535
0.324759
0.324166
0.32357
0.322987
0.322387
0.321794
0.321201
0.320605
0.320011
0.319415
0.318831
0.318244
0.317651
0.317065
0.316468
0.315884
0.315296
0.314711
0.314124
0.313531
0.312945
0.312347
0.311754
0.311162
0.310577
0.30998
0.309386
0.308793
0.308202
0.307613
0.307021
0.306429
0.305834
0.305238
0.304641
0.304056
0.303466
0.302874
0.302286
0.301692
0.301106
0.300515
0.29992
0.299331
0.298736
0.298143
0.297547
0.296954
0.296356
0.295761
0.295164
0.294567
0.293972
0.29337
0.292786
0.292188
0.291588
0.290986
0.290396
0.289798
0.289198
0.288602
0.287992
0.287398
0.286801
0.286209
0.285615
0.285007
0.284406
0.283805
0.283209
0.282609
0.282008
0.281408
0.280806
0.280198
0.279599
0.278997
0.27839
0.277788
0.277185
0.276587
0.275985
0.275386
0.274786
0.274183
0.273579
0.272976
0.272368
0.271759
0.271155
0.270552
0.269949
0.269344
0.268738
0.268128
0.267514
0.266907
0.266296
0.265678
0.265065
0.264454
0.263848
0.263231
0.262615
0.262007
0.261396
0.260791
0.260181
0.259568
0.258962
0.258354
0.25775
0.257138
0.256532
0.255923
0.255311
0.254702
0.254088
0.253481
0.252875
0.252256
0.251645
0.251021
0.250417
0.249804
0.249201
0.248593
0.247983
0.247359
0.246746
0.246136
0.245519
0.244896
0.244278
0.243667
0.243043
0.242427
0.241805
0.241191
0.240573
0.239952
0.239337
0.238722
0.238115
0.237497
0.236866
0.236248
0.235625
0.235008
0.234376
0.233763
0.233144
0.232532
0.231914
0.231304
0.230686
0.230071
0.229459
0.228845
0.228233
0.227606
0.22699
0.226375
0.225748
0.225125
0.224504
0.223891
0.223268
0.222652
0.222025
0.221405
0.220794
0.220173
0.219556
0.218932
0.218315
0.217698
0.217078
0.216451
0.215828
0.215201
0.214582
0.213959
0.213344
0.212721
0.212088
0.211469
0.210841
0.210221
0.209605
0.208981
0.208361
0.207737
0.207118
0.206496
0.205869
0.205238
0.204615
0.203987
0.203357
0.202727
0.20209
0.201461
0.200834
0.200211
0.199572
0.198947
0.198323
0.197691
0.19706
0.196425
0.195799
0.195165
0.194532
0.193897
0.193271
0.192631
0.191996
0.191355
0.190715
0.190079
0.18944
0.18879
0.188134
0.187484
0.186837
0.186192
0.185549
0.184908
0.184253
0.18361
0.182965
0.182309
0.181651
0.18099
0.180336
0.179666
0.178996
0.178334
0.177661
0.176999
0.176346
0.175681
0.175007
0.174337
0.173671
0.173002
0.172335
0.171672
0.170997
0.170329
0.169654
0.168981
0.168296
0.167616
0.166935
0.16624
0.165554
0.164861
0.164166
0.163473
0.162774
0.162093
0.161398
0.160712
0.160004
0.159305
0.158605
0.1579
0.157201
0.156499
0.155797
0.155088
0.154371
0.153645
0.152927
0.152215
0.151496
0.150755
0.150031
0.149312
0.148594
0.147863
0.14712
0.146385
0.145652
0.144927
0.144193
0.143457
0.142706
0.141959
0.141211
0.140467
0.139711
0.138965
0.138209
0.137454
0.136688
0.135944
0.135183
0.134407
0.133635
0.132862
0.132096
0.131317
0.130548
0.129775
0.128997
0.128211
0.127424
0.126635
0.125851
0.12506
0.124267
0.12346
0.122664
0.121854
0.121056
0.120244
0.119424
0.118618
0.117794
0.11698
0.11616
0.115334
0.114513
0.11368
0.11285
0.112014
0.111174
0.110337
0.10949
0.108647
0.107803
0.106951
0.106101
0.105241
0.104382
0.103519
0.102656
0.101785
0.10092
0.100038
0.0991725
0.0982845
0.0974025
0.0965303
0.0956474
0.0947603
0.0938664
0.0929715
0.092076
0.0911868
0.09029
0.0893806
0.0884794
0.0875837
0.0866751
0.0857691
0.084865
0.0839524
0.0830448
0.082124
0.0811993
0.0802879
0.0793661
0.0784422
0.0775186
0.0765958
0.0756638
0.0747307
0.0738093
0.072882
0.0719581
0.0710309
0.0701062
0.0691747
0.0682561
0.0673342
0.0664123
0.0654955
0.0645792
0.0636662
0.0627468
0.0618231
0.0609022
0.0599793
0.0590699
0.0581596
0.0572504
0.0563553
0.0554563
0.0545508
0.0536588
0.0527747
0.0518871
0.0509952
0.0501131
0.049241
0.0483698
0.047511
0.0466602
0.0457959
0.0449458
0.0440976
0.0432623
0.042416
0.0415812
0.0407731
0.0399636
0.0391617
0.0383463
0.0375499
0.0367615
0.0359762
0.0352096
0.0344432
0.0336841
0.0329324
0.0321928
0.0314633
0.0307519
0.0300383
0.0293348
0.0286348
0.0279341
0.027255
0.0265717
0.0259109
0.025257
0.0246123
0.0239767
0.0233513
0.022729
0.0221143
0.0215153
0.0209257
0.0203443
0.0197698
0.0192046
0.0186504
0.0181076
0.017579
0.0170553
0.0165483
0.016042
0.015555
0.0150728
0.0145977
0.0141354
0.0136846
0.0132396
0.0128088
0.0123822
0.0119625
0.0115548
0.0111559
0.0107647
0.0103834
0.0100077
0.00964317
0.00928376
0.00893564
0.00859741
0.00826866
0.00794735
0.00762932
0.0073279
0.00703427
0.00675033
0.0064765
0.00620423
0.00593406
0.00568443
0.00544056
0.00520333
0.00497044
0.00474879
0.00452834
0.00431633
0.00411608
0.00392335
0.00373545
0.00355392
0.00338225
0.00321199
0.00304988
0.00289219
0.00274295
0.00259745
0.00245875
0.0023216
0.00219426
0.00207059
0.00195057
0.00183903
0.00172896
0.00162664
0.00152832
0.00143456
0.00134476
0.00125923
0.00117735
0.00109595
0.00102113
0.00095148
0.000884111
0.000822208
0.000763793
0.00070796
0.000653806
0.000605765
0.000558714
0.00051459
0.000474599
0.000436674
0.000401332
0.000366292
0.000335685
0.000307618
0.000280928
0.000254024
0.000232973
0.000212224
0.000192379
0.000174472
0.000157554
0.00014154
0.000127507
0.00011597
0.000105122
9.56086e-05
8.55785e-05
7.70551e-05
6.76707e-05
5.99652e-05
5.36803e-05
4.68357e-05
4.11104e-05
3.59447e-05
3.22426e-05
2.86266e-05
2.54841e-05
2.22556e-05
1.9888e-05
1.75204e-05
1.49375e-05
1.26129e-05
1.13215e-05
9.38436e-06
8.17903e-06
7.31808e-06
6.32799e-06
5.3379e-06
4.56304e-06
3.74514e-06
3.31466e-06
3.01333e-06
2.712e-06
2.41066e-06
1.808e-06
1.63581e-06
1.33447e-06
1.24838e-06
1.07619e-06
9.47046e-07
9.47046e-07
9.47046e-07
7.74856e-07
6.88761e-07
5.59618e-07
3.4438e-07
2.58285e-07
2.15238e-07
1.7219e-07
1.7219e-07
1.7219e-07
1.29143e-07
4.30475e-08
4.30475e-08
4.30475e-08
4.30475e-08
4.30475e-08
4.30475e-08
4.30475e-08
4.30475e-08
4.30475e-08
4.30475e-08
4.30475e-08
4.30475e-08
4.30475e-08
4.30475e-08
4.30475e-08
4.30475e-08
4.30475e-08
4.30475e-08
4.30475e-08
4.30475e-08
4.30475e-08
4.30475e-08
4.30475e-08
4.30475e-08
4.30475e-08
0
0
0
0
0
0
0
0
0
0
0
0
0
0
0
0
0
0
0
0
0
0
0
0
0
0
0
0
0
0
0
0
0
0
0
0
0
0
0
0
0
0
0
0
0
0
0
0
0
0
0
0
0
0
0
0
0
0
0
0
0
0
0
0
0
0
0
0
0
0
0
0
0
0
0
0
0
0
0
0
0
0
0
0
0
0
0
0
0
0
0
0
0
0
0
0
0
0
0
0
0
0
0
0
0
0
0
0
0
0
0
0
0
0
0
0
0
0
0
0
0
0
0
0
0
0
0
0
0
0
0
0
0
0
0
0
0
0
0
0
0
0
0
0
0
0
0
0
0
0
0
0
0
0
0
0
0
0
0
0
0
0
0
0
0
0
0
0
0
0
0
0
0
0
0
0
0
0
0
0
0
0
0
0
0
0
0
0
0
0
0
0
0
0
0
0
0
0
0
0
0
0
0
0
0
0
0
0
0
0
0
0
0
0
0
0
0
0
0
0
0
0
0
0
0
0
0
0
0
0
0
0
0
0
0
0
0
0
0
0
0
0
0
0
0
0
0
0
0
0
0
0
0
0
0
0
0
0
0
0
0
0
0
0
0
0
0
0
0
0
0
0
0
0
0
0
0
0
0
0
0
0
0
0
0
0
0
0
0
0
0
0
0
0
0
0
0
0
0
0
0
0
0
0
0
0
0
0
0
0
0
0
0
0
0
0
0
0
0
0
0
0
0
0
0
0
0
0
0
0
0
0
0
0
0
0
0
0
0
0
0
0
0
0
0
0
0
0
0
0
0
0
0
0
0
0
0
0
0
0
0
0
0
0
0
0
0
0
0
0
0
0
0
0
0
0
0
0
0
0
0
0
0
0
0
0
0
0
0
0
0
0
0
0
0
0
0
0
0
0
0
0
0
0
0
0
0
0
0
0
0
0
0
0
0
0
0
0
0
0
0
0
0
0
0
0
0
0
0
0
0
0
0
0
0
0
0
0
0
0
0
0
0
0
0
0
0
0
0
0
0
0
0
0
0
0
0
0
0
0
0
0
0
0
0
0
0
0
0
0
0
0
0
0
0
0
0
0
0
0
0
0
0
0
0
0
0
0
0
0
0
0
0
0
0
0
0
0
0
0
0
0
0
0
0
0
0
0
0
0
0
0
0
0
0
0
0
0
0
0
0
0
0
0
0
0
0
0
0
0
0
0
0
0
0
0
0
0
0
0
0
0
0
0
0
0
0
0
0
0
0
0
0
0
0
0
0
0
0
0
0
0
0
0
0
0
0
0
0
0
0
0
0
0
0
0
0
0
0
0
0
0
0
0
0
0
0
0
0
0
0
0
0
0
0
0
0
0
0
0
0
0
0
0
0
0
0
0
0
0
0
0
0
0
0
0
0
0
0
0
0
0
0
0
0
0
0
0
0
0
0
0
0
0
0
0
0
0
0
0
0
0
0
0
0
0
0
0
0
0
0
0
0
0
0
0
0
0
0
0
0
0
0
0
0
0
0
0
0
0
0
0
0
0
0
0
0
0
0
0
0
0
0
0
0
0
0
0
0
0
0
0
0
0
0
0
0
0
0
0
0
0
0
0
0
0
0
0
0
0
0
0
0
0
0
0
0
0
0
0
0
0
0
0
0
0
0
0
0
0
0
0
0
0
0
0
0
0
0
0
0
0
0
0
0
0
0
0
0
0
0
0
0
0
0
0
0
0
0
0
0
0
0
0
0
0
0
0
0
0
0
0
0
0
0
0
0
0
0
0
0
0
0
0
0
0
0
0
0
0
0
0
0
0
0
0
0
0
0
0
0
0
0
0
0
0
0
0
0
0
0
0
0
0
0
0
0
0
0
0
0
0
0
0
0
0
0
0
0
0
0
0
0
0
0
0
0
0
0
0
0
0
0
0
0
0
0
0
0
0
0
0
0
0
0
0
0
0
0
0
0
0
0
0
0
0
0
0
0
0
0
0
0
0
0
0
0
0
0
0
0
0
0
0
0
0
0
0
0
0
0
0
0
0
0
0
0
0
0
0
0
0
0
0
0
0
0
0
0
0
0
0
0
0
0
0
0
0
0
0
0
0
0
0
0
0
0
0
0
0
0
0
0
0
0
0
0
0
0
0
0
0
0
0
0
0
0
0
0
0
0
0
0
0
0
0
0
0
0
0
0
0
0
0
0
0
0
0
0
0
0
0
0
0
0
0
0
0
0
0
0
0
0
0
0
0
0
0
0
0
0
0
0
0
0
0
0
0
0
0
0
0
0
0
0
0
0
0
0
0
0
0
0
0
0
0
0
0
0
0
0
0
0
0
0
0
0
0
0
0
0
0
0
0
0
0
0
0
0
0
0
0
0
0
0
0
0
0
0
0
0
0
0
0
0
0
0
0
0
0
0
0
0
0
0
0
0
0
0
0
0
0
0
0
0
0
0
0
0
0
0
0
0
0
0
0
0
0
0
0
0
0
0
0
0
0
0
0
0
0
0
0
0
0
0
0
0
0
0
0
0
0
0
0
0
0
0
0
0
0
0
0
0
0
0
0
0
0
0
0
0
0
0
0
0
0
0
0
0
0
0
0
0
0
0
0
0
0
0
0
0
0
0
0
0
0
0
0
0
0
0
0
0
0
0
0
0
0
0
0
0
0
0
0
0
0
0
0
0
0
0
0
0
0
0
0
0
0
0
0
0
0
0
0
0
0
0
0
0
0
0
0
0
0
0
0
0
0
0
0
0
0
0
0
0
0
0
0
0
0
0
0
0
0
0
0
0
0
0
0
0
0
0
0
0
0
0
0
0
0
0
0
0
0
0
0
0
0
0
0
0
0
0
0
0
0
0
0
0
0
0
0
0
0
0
0
0
0
0
0
0
0
0
0
0
0
0
0
0
0
0
0
0
0
0
0
0
0
0
0
0
0
0
0
0
0
0
0
0
0
0
0
0
0
0
0
0
0
0
0
0
0
0
0
0
0
0
0
0
0
0
0
0
0
0
0
0
0
0
0
0
0
0
0
0
0
0
0
0
0
0
0
0
0
0
0
0
0
0
0
0
0
0
0
0
0
0
0
0
0
0
0
0
0
0
0
0
0
0
0
0
0
0
0
0
0
0
0
0
0
0
0
0
0
0
0
0
0
0
0
0
0
0
0
0
0
0
0
0
0
0
0
0
0
0
0
0
0
0
0
0
0
0
0
0
0
0
0
0
0
0
0
0
0
0
0
0
0
0
0
0
0
0
0
0
0
0
0
0
0
0
0
0
0
0
0
0
0
0
0
0
0
0
0
0
0
0
0
0
0
0
0
0
0
0
0
0
0
0
0
0
0
0
0
0
0
0
0
0
0
0
0
0
0
0
0
0
0
0
0
0
0
0
0
0
0
0
0
0
0
0
0
0
0
0
0
0
0
0
0
0
0
0
0
0
0
0
0
0
0
0
0
0
0
0
0
0
0
0
0
0
0
0
0
0
0
0
0
0
0
0
0
0
0
0
0
0
0
0
0
0
0
0
0
0
0
0
0
0
0
0
0
0
0
0
0
0
0
0
0
0
0
0
0
0
0
0
0
0
0
0
0
0
0
0
0
0
0
0
0
0
0
0
0
0
0
0
0
0
0
0
0
0
0
0
0
0
0
0
0
0
0
0
0
0
0
0
0
0
0
0
0
0
0
0
0
0
0
0
0
0
0
0
0
0
0
0
0
0
0
0
0
0
0
0
0
0
0
0
0
0
0
0
0
0
0
0
0
0
0
0
0
0
0
0
0
0
0
0
0
0
0
0
0
0
0
0
0
0
0
0
0
0
0
0
0
0
0
0
0
0
0
0
0
0
0
0
0
0
0
0
0
0
0
0
0
0
0
0
0
0
0
0
0
0
0
0
0
0
0
0
0
0
0
0
0
0
0
0
0
0
0
0
0
0
0
0
0
0
0
0
0
0
0
0
0
0
0
0
0
0
0
0
0
0
0
0
0
0
0
0
0
0
0
0
0
0
0
0
0
0
0
0
0
0
0
0
0
0
0
0
0
0
0
0
0
0
0
0
0
0
0
0
0
0
0
0
0
0
0
0
0
0
0
0
0
0
0
0
0
0
0
0
0
0
0
0
0
0
0
0
0
0
0
0
0
0
0
0
0
0
0
0
0
0
0
0
0
0
0
0
0
0
0
0
0
0
0
0
0
0
0
0
0
0
0
0
0
0
0
0
0
0
0
0
0
0
0
0
0
0
0
0
0
0
0
0
0
0
0
0
0
0
0
0
0
0
0
0
0
0
0
0
0
0
0
0
0
0
0
0
0
0
0
0
0
0
0
0
0
0
0
0
0
0
0
0
0
0
0
0
0
0
0
0
0
0
0
0
0
0
0
0
0
0
0
0
0
0
0
0
0
0
0
0
0
0
0
0
0
0
0
0
0
0
0
0
0
0
0
0
0
0
0
0
0
0
0
0
0
0
0
0
0
0
0
0
0
0
0
0
0
0
0
0
0
0
0
0
0
0
0
0
0
0
0
0
0
0
0
0
0
0
0
0
0
0
0
0
0
0
0
0
0
0
0
0
0
0
0
0
0
0
0
0
0
0
0
0
0
0
0
0
0
0
0
0
0
0
0
0
0
0
0
0
0
0
0
0
0
0
0
0
0
0
0
0
0
0
0
0
0
0
0
0
0
0
0
0
0
0
0
0
0
0
0
0
0
0
0
0
0
0
0
0
0
0
0
0
0
0
0
0
0
0
0
0
0
0
0
0
0
0
0
0
0
0
0
0
0
0
0
0
0
0
0
0
0
0
0
0
0
0
0
0
0
0
0
0
0
0
0
0
0
0
0
0
0
0
0
0
0
0
0
0
0
0
0
0
0
0
0
0
0
0
0
0
0
0
0
0
0
0
0
0
0
0
0
0
0
0
0
0
0
0
0
0
0
0
0
0
0
0
0
0
0
0
0
0
0
0
0
0
0
0
0
0
0
0
0
0
0
0
0
0
0
0
0
0
0
0
0
0
0
0
0
0
0
0
0
0
0
0
0
0
0
0
0
0
0
0
0
0
0
0
0
0
0
0
0
0
0
0
0
0
0
0
0
0
0
0
0
0
0
0
0
0
0
0
0
0
0
0
0
0
0
0
0
0
0
0
0
0
0
0
0
0
0
0
0
0
0
0
0
0
0
0
0
0
0
0
0
0
0
0
0
0
0
0
0
0
0
0
0
0
0
0
0
0
0
0
0
0
0
0
0
0
0
0
0
0
0
0
0
0
0
0
0
0
0
0
0
0
0
0
0
0
0
0
0
0
0
0
0
0
0
0
0
0
0
0
0
0
0
0
0
0
0
0
0
0
0
0
0
0
0
0
0
0
0
0
0
0
0
0
0
0
0
0
0
0
0
0
0
0
0
0
0
0
0
0
0
0
0
0
0
0
0
0
0
0
0
0
0
0
0
0
0
0
0
0
0
0
0
0
0
0
0
0
0
0
0
0
0
0
0
0
0
0
0
0
0
0
0
0
0
0
0
0
0
0
0
0
0
0
0
0
0
0
0
0
0
0
0
0
0
0
0
0
0
0
0
0
0
0
0
0
0
0
0
0
0
0
0
0
0
0
0
0
0
0
0
0
0
0
0
0
0
0
0
0
0
0
0
0
0
0
0
0
0
0
0
0
0
0
0
0
0
0
0
0
0
0
0
0
0
0
0
0
0
0
0
0
0
0
0
0
0
0
0
0
0
0
0
0
0
0
0
0
0
0
0
0
0
0
0
0
0
0
0
0
0
0
0
0
0
0
0
0
0
0
0
0
0
0
0
0
0
0
0
0
0
0
0
0
0
0
0
0
0
0
0
0
0
0
0
0
0
0
0
0
0
0
0
0
0
0
0
0
0
0
0
0
0
0
0
0
0
0
0
0
0
0
0
0
0
0
0
0
0
0
0
0
0
0
0
0
0
0
0
0
0
0
0
0
0
0
0
0
0
0
0
0
0
0
0
0
0
0
0
0
0
0
0
0
0
0
0
0
0
0
0
0
0
0
0
0
0
0
0
0
0
0
0
0
0
0
0
0
0
0
0
0
0
0
0
0
0
0
0
0
0
0
0
0
0
0
0
0
0
0
0
0
0
0
0
0
0
0
0
0
0
0
0
0
0
0
0
0
0
0
0
0
0
0
0
0
0
0
0
0
0
0
0
0
0
0
0
0
0
0
0
0
0
0
0
0
0
0
0
0
0
0
0
0
0
0
0
0
0
0
0
0
0
0
0
0
0
0
0
0
0
0
0
0
0
0
0
0
0
0
0
0
0
0
0
0
0
0
0
0
0
0
0
0
0
0
0
0
0
0
0
0
0
0
0
0
0
0
0
0
0
0
0
0
0
0
0
0
0
0
0
0
0
0
0
0
0
0
0
0
0
0
0
0
0
0
0
0
0
0
0
0
0
0
0
0
0
0
0
0
0
0
0
0
0
0
0
0
0
0
0
0
0
0
0
0
0
0
0
0
0
0
0
0
0
0
0
0
0
0
0
0
0
0
0
0
0
0
0
0
0
0
0
0
0
0
0
0
0
0
0
0
0
0
0
0
0
0
0
0
0
0
0
0
0
0
0
0
0
0
0
0
0
0
0
0
0
0
0
0
0
0
0
0
0
0
0
0
0
0
0
0
0
0
0
0
0
0
0
0
0
0
0
0
0
0
0
0
0
0
0
0
0
0
0
0
0
0
0
0
0
0
0
0
0
0
0
0
0
0
0
0
0
0
0
0
0
0
0
0
0
0
0
0
0
0
0
0
0
0
0
0
0
0
0
0
0
0
0
0
0
0
0
0
0
0
0
0
0
0
0
0
0
0
0
0
0
0
0
0
0
0
0
0
0
0
0
0
0
0
0
0
0
0
0
0
0
0
0
0
0
0
0
0
0
0
0
0
0
0
0
0
0
0
0
0
0
0
0
0
0
0
0
0
0
0
0
0
0
0
0
0
0
0
0
0
0
0
0
0
0
0
0
0
0
0
0
0
0
0
0
0
0
0
0
0
0
0
0
0
0
0
0
0
0
0
0
0
0
0
0
0
0
0
0
0
0
0
0
0
0
0
0
0
0
0
0
0
0
0
0
0
0
0
0
0
0
0
0
0
0
0
0
0
0
0
0
0
0
0
0
0
0
0
0
0
0
0
0
0
0
0
0
0
0
0
0
0
0
0
0
0
0
0
0
0
0
0
0
0
0
0
0
0
0
0
0
0
0
0
0
0
0
0
0
0
0
0
0
0
0
0
0
0
0
0
0
0
0
0
0
0
0
0
0
0
0
0
0
0
0
0
0
0
0
0
0
0
0
0
0
0
0
0
0
0
0
0
0
0
0
0
0
0
0
0
0
0
0
0
0
0
0
0
0
0
0
0
0
0
0
0
0
0
0
0
0
0
0
0
0
0
0
0
0
0
0
0
0
0
0
0
0
0
0
0
0
0
0
0
0
0
0
0
0
0
0
0
0
0
0
0
0
0
0
0
0
0
0
0
0
0
0
0
0
0
0
0
0
0
0
0
0
0
0
0
0
0
0
0
0
0
0
0
0
0
0
0
0
0
0
0
0
0
0
0
0
0
0
0
0
0
0
0
0
0
0
0
0
0
0
0
0
0
0
0
0
0
0
0
0
0
0
0
0
0
0
0
0
0
0
0
0
0
0
0
0
0
0
0
0
0
0
0
0
0
0
0
0
0
0
0
0
0
0
0
0
0
0
0
0
0
0
0
0
0
0
0
0
0
0
0
0
0
0
0
0
0
0
0
0
0
0
0
0
0
0
0
0
0
0
0
0
0
0
0
0
0
0
0
0
0
0
0
0
0
0
0
0
0
0
0
0
0
0
0
0
0
0
0
0
0
0
0
0
0
0
0
0
0
0
0
0
0
0
0
0
0
0
0
0
0
0
0
0
0
0
0
0
0
0
0
0
0
0
0
0
0
0
0
0
0
0
0
0
0
0
0
0
0
0
0
0
0
0
0
0
0
0
0
0
0
0
0
0
0
0
0
0
0
0
0
0
0
0
0
0
0
0
0
0
0
0
0
0
0
0
0
0
0
0
0
0
0
0
0
0
0
0
0
0
0
0
0
0
0
0
0
0
0
0
0
0
0
0
0
0
0
0
0
0
0
0
0
0
0
0
0
0
0
0
0
0
0
0
0
0
0
0
0
0
0
0
0
0
0
0
0
0
0
0
0
0
0
0
0
0
0
0
0
0
0
0
0
0
0
0
0
0
0
0
0
0
0
0
0
0
0
0
0
0
0
0
0
0
0
0
0
0
0
0
0
0
0
0
0
0
0
0
0
0
0
0
0
0
0
0
0
0
0
0
0
0
0
0
0
0
0
0
0
0
0
0
0
0
0
0
0
0
0
0
0
0
0
0
0
0
0
0
0
0
0
0
0
0
0
0
0
0
0
0
0
0
0
0
0
0
0
0
0
0
0
0
0
0
0
0
0
0
0
0
0
0
0
0
0
0
0
0
0
0
0
0
0
0
0
0
0
0
0
0
0
0
0
0
0
0
0
0
0
0
0
0
0
0
0
0
0
0
0
0
0
0
0
0
0
0
0
0
0
0
0
0
0
0
0
0
0
0
0
0
0
0
0
0
0
0
0
0
0
0
0
0
0
0
0
0
0
0
0
0
0
0
0
0
0
0
0
0
0
0
0
0
0
0
0
0
0
0
0
0
0
0
0
0
0
0
0
0
0
0
0
0
0
0
0
0
0
0
0
0
0
0
0
0
0
0
0
0
0
0
0
0
0
0
0
0
0
0
0
0
0
0
0
0
0
0
0
0
0
0
0
0
0
0
0
0
0
0
0
0
0
0
0
0
0
0
0
0
0
0
0
0
0
0
0
0
0
0
0
0
0
0
0
0
0
0
0
0
0
0
0
0
0
0
0
0
0
0
0
0
0
0
0
0
0
0
0
0
0
0
0
0
0
0
0
0
0
0
0
0
0
0
0
0
0
0
0
0
0
0
0
0
0
0
0
0
0
0
0
0
0
0
0
0
0
0
0
0
0
0
0
0
0
0
0
0
0
0
0
0
0
0
0
0
0
0
0
0
0
0
0
0
0
0
0
0
0
0
0
0
0
0
0
0
0
0
0
0
0
0
0
0
0
0
0
0
0
0
0
0
0
0
0
0
0
0
0
0
0
0
0
0
0
0
0
0
0
0
0
0
0
0
0
0
0
0
0
0
0
0
0
0
0
0
0
0
0
0
0
0
0
0
0
0
0
0
0
0
0
0
0
0
0
0
0
0
0
0
0
0
0
0
0
0
0
0
0
0
0
0
0
0
0
0
0
0
0
0
0
0
0
0
0
0
0
0
0
0
0
0
0
0
0
0
0
0
0
0
0
0
0
0
0
0
0
0
0
0
0
0
0
0
0
0
0
0
0
0
0
0
0
0
0
0
0
0
0
0
0
0
0
0
0
0
0
0
0
0
0
0
0
0
0
0
0
0
0
0
0
0
0
0
0
0
0
0
0
0
0
0
0
0
0
0
0
0
0
0
0
0
0
0
0
0
0
0
0
0
0
0
0
0
0
0
0
0
0
0
0
0
0
0
0
0
0
0
0
0
0
0
0
0
0
0
0
0
0
0
0
0
0
0
0
0
0
0
0
0
0
0
0
0
0
0
0
0
0
0
0
0
0
0
0
0
0
0
0
0
0
0
0
0
0
0
0
0
0
0
0
0
0
0
0
0
0
0
0
0
0
0
0
0
0
0
0
0
0
0
0
0
0
0
0
0
0
0
0
0
0
0
0
0
0
0
0
0
0
0
0
0
0
0
0
0
0
0
0
0
0
0
0
0
0
0
0
0
0
0
0
0
0
0
0
0
0
0
0
0
0
0
0
0
0
0
0
0
0
0
0
0
0
0
0
0
0
0
0
0
0
0
0
0
0
0
0
0
0
0
0
0
0
0
0
0
0
0
0
0
0
0
0
0
0
0
0
0
0
0
0
0
0
0
0
0
0
0
0
0
0
0
0
0
0
0
0
0
0
0
0
0
0
0
0
0
0
0
0
0
0
0
0
0
0
0
0
0
0
0
0
0
0
0
0
0
0
0
0
0
0
0
0
0
0
0
0
0
0
0
0
0
0
0
0
0
0
0
0
0
0
0
0
0
0
0
0
0
0
0
0
0
0
0
0
0
0
0
0
0
0
0
0
0
0
0
0
0
0
0
0
0
0
0
0
0
0
0
0
0
0
0
0
0
0
0
0
0
0
0
0
0
0
0
0
0
0
0
0
0
0
0
0
0
0
0
0
0
0
0
0
0
0
0
0
0
0
0
0
0
0
0
0
0
0
0
0
0
0
0
0
0
0
0
0
0
0
0
0
0
0
0
0
0
0
0
0
0
0
0
0
0
0
0
0
0
0
0
0
0
0
0
0
0
0
0
0
0
0
0
0
0
0
0
0
0
0
0
0
0
0
0
0
0
0
0
0
0
0
0
0
0
0
0
0
0
0
0
0
0
0
0
0
0
0
0
0
0
0
0
0
0
0
0
0
0
0
0
0
0
0
0
0
0
0
0
0
0
0
0
0
0
0
0
0
0
0
0
0
0
0
0
0
0
0
0
0
0
0
0
0
0
0
0
0
0
0
0
0
0
0
0
0
0
0
0
0
0
0
0
0
0
0
0
0
0
0
0
0
0
0
0
0
0
0
0
0
0
0
0
0
0
0
0
0
0
0
0
0
0
0
0
0
0
0
0
0
0
0
0
0
0
0
0
0
0
0
0
0
0
0
0
0
0
0
0
0
0
0
0
0
0
0
0
0
0
0
0
0
0
0
0
0
0
0
0
0
0
0
0
0
0
0
0
0
0
0
0
0
0
0
0
0
0
0
0
0
0
0
0
0
0
0
0
0
0
0
0
0
0
0
0
0
0
0
0
0
0
0
0
0
0
0
0
0
0
0
0
0
0
0
0
0
0
0
0
0
0
0
0
0
0
0
0
0
0
0
0
0
0
0
0
0
0
0
0
0
0
0
0
0
0
0
0
0
0
0
0
0
0
0
0
0
0
0
0
0
0
0
0
0
0
0
0
0
0
0
0
0
0
0
0
0
0
0
0
0
0
0
0
0
0
0
0
0
0
0
0
0
0
0
0
0
0
0
0
0
0
0
0
0
0
0
0
0
0
0
0
0
0
0
0
0
0
0
0
0
0
0
0
0
0
0
0
0
0
0
0
0
0
0
0
0
0
0
0
0
0
0
0
0
0
0
0
0
0
0
0
0
0
0
0
0
0
0
0
0
0
0
0
0
0
0
0
0
0
0
0
0
0
0
0
0
0
0
0
0
0
0
0
0
0
0
0
0
0
0
0
0
0
0
0
0
0
0
0
0
0
0
0
0
0
0
0
0
0
0
0
0
0
0
0
0
0
0
0
0
0
0
0
0
0
0
0
0
0
0
0
0
0
0
0
0
0
0
0
0
0
0
0
0
0
0
0
0
0
0
0
0
0
0
0
0
0
0
0
0
0
0
0
0
0
0
0
0
0
0
0
0
0
0
0
0
0
0
0
0
0
0
0
0
0
0
0
0
0
0
0
0
0
0
0
0
0
0
0
0
0
0
0
0
0
0
0
0
0
0
0
0
0
0
0
0
0
0
0
0
0
0
0
0
0
0
0
0
0
0
0
0
0
0
0
0
0
0
0
0
0
0
0
0
0
0
0
0
0
0
0
0
0
0
0
0
0
0
0
0
0
0
0
0
0
0
0
0
0
0
0
0
0
0
0
0
0
0
0
0
0
0
0
0
0
0
0
0
0
0
0
0
0
0
0
0
0
0
0
0
0
0
0
0
0
0
0
0
0
0
0
0
0
0
0
0
0
0
0
0
0
0
0
0
0
0
0
0
0
0
0
0
0
0
0
0
0
0
0
0
0
0
0
0
0
0
0
0
0
0
0
0
0
0
0
0
0
0
0
0
0
0
0
0
0
0
0
0
0
0
0
0
0
0
0
0
0
0
0
0
0
0
0
0
0
0
0
0
0
0
0
0
0
0
0
0
0
0
0
0
0
0
0
0
0
0
0
0
0
0
0
0
0
0
0
0
0
0
0
0
0
0
0
0
0
0
0
0
0
0
0
0
0
0
0
0
0
0
0
0
0
0
0
0
0
0
0
0
0
0
0
0
0
0
0
0
0
0
0
0
0
0
0
0
0
0
0
0
0
0
0
0
0
0
0
0
0
0
0
0
0
0
0
0
0
0
0
0
0
0
0
0
0
0
0
0
0
0
0
0
0
0
0
0
0
0
0
0
0
0
0
0
0
0
0
0
0
0
0
0
0
0
0
0
0
0
0
0
0
0
0
0
0
0
0
0
0
0
0
0
0
0
0
0
0
0
0
0
0
0
0
0
0
0
0
0
0
0
0
0
0
0
0
0
0
0
0
0
0
0
0
0
0
0
0
0
0
0
0
0
0
0
0
0
0
0
0
0
0
0
0
0
0
0
0
0
0
0
0
0
0
0
0
0
0
0
0
0
0
0
0
0
0
0
0
0
0
0
0
0
0
0
0
0
0
0
0
0
0
0
0
0
0
0
0
0
0
0
0
0
0
0
0
0
0
0
0
0
0
0
0
0
0
0
0
0
0
0
0
0
0
0
0
0
0
0
0
0
0
0
0
0
0
0
0
0
0
0
0
0
0
0
0
0
0
0
0
0
0
0
0
0
0
0
0
0
0
0
0
0
0
0
0
0
0
0
0
0
0
0
0
0
0
0
0
0
0
0
0
0
0
0
0
0
0
0
0
0
0
0
0
0
0
0
0
0
0
0
0
0
0
0
0
0
0
0
0
0
0
0
0
0
0
0
0
0
0
0
0
0
0
0
0
0
0
0
0
0
0
0
0
0
0
0
0
0
0
0
0
0
0
0
0
0
0
0
0
0
0
0
0
0
0
0
0
0
0
0
0
0
0
0
0
0
0
0
0
0
0
0
0
0
0
0
0
0
0
0
0
0
0
0
0
0
0
0
0
0
0
0
0
0
0
0
0
0
0
0
0
0
0
0
0
0
0
0
0
0
0
0
0
0
0
0
0
0
0
0
0
0
0
0
0
0
0
0
0
0
0
0
0
0
0
0
0
0
0
0
0
0
0
0
0
0
0
0
0
0
0
0
0
0
0
0
0
0
0
0
0
0
0
0
0
0
0
0
0
0
0
0
0
0
0
0
0
0
0
0
0
0
0
0
0
0
0
0
0
0
0
0
0
0
0
0
0
0
0
0
0
0
0
0
0
0
0
0
0
0
0
0
0
0
0
0
0
0
0
0
0
0
0
0
0
0
0
0
0
0
0
0
0
0
0
0
0
0
0
0
0
0
0
0
0
0
0
0
0
0
0
0
0
0
0
0
0
0
0
0
0
0
0
0
0
0
0
0
0
0
0
0
0
0
0
0
0
0
0
0
0
0
0
0
0
0
0
0
0
0
0
0
0
0
0
0
0
0
0
0
0
0
0
0
0
0
0
0
0
0
0
0
0
0
0
0
0
0
0
0
0
0
0
0
0
0
0
0
0
0
0
0
0
0
0
0
0
0
0
0
0
0
0
0
0
0
0
0
0
0
0
0
0
0
0
0
0
0
0
0
0
0
0
0
0
0
0
0
0
0
0
0
0
0
0
0
0
0
0
0
0
0
0
0
0
0
0
0
0
0
0
0
0
0
0
0
0
0
0
0
0
0
0
0
0
0
0
0
0
0
0
0
0
0
0
0
0
0
0
0
0
0
0
0
0
0
0
0
0
0
0
0
0
0
0
0
0
0
0
0
0
0
0
0
0
0
0
0
0
0
0
0
0
0
0
0
0
0
0
0
0
0
0
0
0
0
0
0
0
0
0
0
0
0
0
0
0
0
0
0
0
0
0
0
0
0
0
0
0
0
0
0
0
0
0
0
0
0
0
0
0
0
0
0
0
0
0
0
0
0
0
0
0
0
0
0
0
0
0
0
0
0
0
0
0
0
0
0
0
0
0
0
0
0
0
0
0
0
0
0
0
0
0
0
0
0
0
0
0
0
0
0
0
0
0
0
0
0
0
0
0
0
0
0
0
0
0
0
0
0
0
0
0
0
0
0
0
0
0
0
0
0
0
0
0
0
0
0
0
0
0
0
0
0
0
0
0
0
0
0
0
0
0
0
0
0
0
0
0
0
0
0
0
0
0
0
0
0
0
0
0
0
0
0
0
0
0
0
0
0
0
0
0
0
0
0
0
0
0
0
0
0
0
0
0
0
0
0
0
0
0
0
0
0
0
0
0
0
0
0
0
0
0
0
0
0
0
0
0
0
0
0
0
0
0
0
0
0
0
0
0
0
0
0
0
0
0
0
0
0
0
0
0
0
0
0
0
0
0
0
0
0
0
0
0
0
0
0
0
0
0
0
0
0
0
0
0
0
0
0
0
0
0
0
0
0
0
0
0
0
0
0
0
0
0
0
0
0
0
0
0
0
0
0
0
0
0
0
0
0
0
0
0
0
0
0
0
0
0
0
0
0
0
0
0
0
0
0
0
0
0
0
0
0
0
0
0
0
0
0
0
0
0
0
0
0
0
0
0
0
0
0
0
0
0
0
0
0
0
0
0
0
0
0
0
0
0
0
0
0
0
0
0
0
0
0
0
0
0
0
0
0
0
0
0
0
0
0
0
0
0
0
0
0
0
0
0
0
0
0
0
0
0
0
0
0
0
0
0
0
0
0
0
0
0
0
0
0
0
0
0
0
0
0
0
0
0
0
0
0
0
0
0
0
0
0
0
0
0
0
0
0
0
0
0
0
0
0
0
0
0
0
0
0
0
0
0
0
0
0
0
0
0
0
0
0
0
0
0
0
0
0
0
0
0
0
0
0
0
0
0
0
0
0
0
0
0
0
0
0
0
0
0
0
0
0
0
0
0
0
0
0
0
0
0
0
0
0
0
0
0
0
0
0
0
0
0
0
0
0
0
0
0
0
0
0
0
0
0
0
0
0
0
0
0
0
0
0
0
0
0
0
0
0
0
0
0
0
0
0
0
0
0
0
0
0
0
0
0
0
0
0
0
0
0
0
0
0
0
0
0
0
0
0
0
0
0
0
0
0
0
0
0
0
0
0
0
0
0
0
0
0
0
0
0
0
0
0
0
0
0
0
0
0
0
0
0
0
0
0
0
0
0
0
0
0
0
0
0
0
0
0
0
0
0
0
0
0
0
0
0
0
0
0
0
0
0
0
0
0
0
0
0
0
0
0
0
0
0
0
0
0
0
0
0
0
0
0
0
0
0
0
0
0
0
0
0
0
0
0
0
0
0
0
0
0
0
0
0
0
0
0
0
0
0
0
0
0
0
0
0
0
0
0
0
0
0
0
0
0
0
0
0
0
0
0
0
0
0
0
0
0
0
0
0
0
0
0
0
0
0
0
0
0
0
0
0
0
0
0
0
0
0
0
0
0
0
0
0
0
0
0
0
0
0
0
0
0
0
0
0
0
0
0
0
0
0
0
0
0
0
0
0
0
0
0
0
0
0
0
0
0
0
0
0
0
0
0
0
0
0
0
0
0
0
0
0
0
0
0
0
0
0
0
0
0
0
0
0
0
0
0
0
0
0
0
0
0
0
0
0
0
0
0
0
0
0
0
0
0
0
0
0
0
0
0
0
0
0
0
0
0
0
0
0
0
0
0
0
0
0
0
0
0
0
0
0
0
0
0
0
0
0
0
0
0
0
0
0
0
0
0
0
0
0
0
0
0
0
0
0
0
0
0
0
0
0
0
0
0
0
0
0
0
0
0
0
0
0
0
0
0
0
0
0
0
0
0
0
0
0
0
0
0
0
0
0
0
0
0
0
0
0
0
0
0
0
0
0
0
0
0
0
0
0
0
0
0
0
0
0
0
0
0
0
0
0
0
0
0
0
0
0
0
0
0
0
0
0
0
0
0
0
0
0
0
0
0
0
0
0
0
0
0
0
0
0
0
0
0
0
0
0
0
0
0
0
0
0
0
0
0
0
0
0
0
0
0
0
0
0
0
0
0
0
0
0
0
0
0
0
0
0
0
0
0
0
0
0
0
0
0
0
0
0
0
0
0
0
0
0
0
0
0
0
0
0
0
0
0
0
0
0
0
0
0
0
0
0
0
0
0
0
0
0
0
0
0
0
0
0
0
0
0
0
0
0
0
0
0
0
0
0
0
0
0
0
0
0
0
0
0
0
0
0
0
0
0
0
0
0
0
0
0
0
0
0
0
0
0
0
0
0
0
0
0
0
0
0
0
0
0
0
0
0
0
0
0
0
0
0
0
0
0
0
0
0
0
0
0
0
0
0
0
0
0
0
0
0
0
0
0
0
0
0
0
0
0
0
0
0
0
0
0
0
0
0
0
0
0
0
0
0
0
0
0
0
0
0
0
0
0
0
0
0
0
0
0
0
0
0
0
0
0
0
0
0
0
0
0
0
0
0
0
0
0
0
0
0
0
0
0
0
0
0
0
0
0
0
0
0
0
0
0
0
0
0
0
0
0
0
0
0
0
0
0
0
0
0
0
0
0
0
0
0
0
0
0
0
0
0
0
0
0
0
0
0
0
0
0
0
0
0
0
0
0
0
0
0
0
0
0
0
0
0
0
0
0
0
0
0
0
0
0
0
0
0
0
0
0
0
0
0
0
0
0
0
0
0
0
0
0
0
0
0
0
0
0
0
0
0
0
0
0
0
0
0
0
0
0
0
0
0
0
0
0
0
0
0
0
0
0
0
0
0
0
0
0
0
0
0
0
0
0
0
0
0
0
0
0
0
0
0
0
0
0
0
0
0
0
0
0
0
0
0
0
0
0
0
0
0
0
0
0
0
0
0
0
0
0
0
0
0
0
0
0
0
0
0
0
0
0
0
0
0
0
0
0
0
0
0
0
0
0
0
0
0
0
0
0
0
0
0
0
0
0
0
0
0
0
0
0
0
0
0
0
0
0
0
0
0
0
0
0
0
0
0
0
0
0
0
0
0
0
0
0
0
0
0
0
0
0
0
0
0
0
0
0
0
0
0
0
0
0
0
0
0
0
0
0
0
0
0
0
0
0
0
0
0
0
0
0
0
0
0
0
0
0
0
0
0
0
0
0
0
0
0
0
0
0
0
0
0
0
0
0
0
0
0
0
0
0
0
0
0
0
0
0
0
0
0
0
0
0
0
0
0
0
0
0
0
0
0
0
0
0
0
0
0
0
0
0
0
0
0
0
0
0
0
0
0
0
0
0
0
0
0
0
0
0
0
0
0
0
0
0
0
0
0
0
0
0
0
0
0
0
0
0
0
0
0
0
0
0
0
0
0
0
0
0
0
0
0
0
0
0
0
0
0
0
0
0
0
0
0
0
0
0
0
0
0
0
0
0
0
0
0
0
0
0
0
0
0
0
0
0
0
0
0
0
0
0
0
0
0
0
0
0
0
0
0
0
0
0
0
0
0
0
0
0
0
0
0
0
0
0
0
0
0
0
0
0
0
0
0
0
0
0
0
0
0
0
0
0
0
0
0
0
0
0
0
0
0
0
0
0
0
0
0
0
0
0
0
0
0
0
0
0
0
0
0
0
0
0
0
0
0
0
0
0
0
0
0
0
0
0
0
0
0
0
0
0
0
0
0
0
0
0
0
0
0
0
0
0
0
0
0
0
0
0
0
0
0
0
0
0
0
0
0
0
0
0
0
0
0
0
0
0
0
0
0
0
0
0
0
0
0
0
0
0
0
0
0
0
0
0
0
0
0
0
0
0
0
0
0
0
0
0
0
0
0
0
0
0
0
0
0
0
0
0
0
0
0
0
0
0
0
0
0
0
0
0
0
0
0
0
0
0
0
0
0
0
0
0
0
0
0
0
0
0
0
0
0
0
0
0
0
0
0
0
0
0
0
0
0
0
0
0
0
0
0
0
0
0
0
0
0
0
0
0
0
0
0
0
0
0
0
0
0
0
0
0
0
0
0
0
0
0
0
0
0
0
0
0
0
0
0
0
0
0
0
0
0
0
0
0
0
0
0
0
0
0
0
0
0
0
0
0
0
0
0
0
0
0
0
0
0
0
0
0
0
0
0
0
0
0
0
0
0
0
0
0
0
0
0
0
0
0
0
0
0
0
0
0
0
0
0
0
0
0
0
0
0
0
0
0
0
0
0
0
0
0
0
0
0
0
0
0
0
0
0
0
0
0
0
0
0
0
0
0
0
0
0
0
0
0
0
0
0
0
0
0
0
0
0
0
0
0
0
0
0
0
0
0
0
0
0
0
0
0
0
0
0
0
0
0
0
0
0
0
0
0
0
0
0
0
0
0
0
0
0
0
0
0
0
0
0
0
0
0
0
0
0
0
0
0
0
0
0
0
0
0
0
0
0
0
0
0
0
0
0
0
0
0
0
0
0
0
0
0
0
0
0
0
0
0
0
0
0
0
0
0
0
0
0
0
0
0
0
0
0
0
0
0
0
0
0
0
0
0
0
0
0
0
0
0
0
0
0
0
0
0
0
0
0
0
0
0
0
0
0
0
0
0
0
0
0
0
0
0
0
0
0
0
0
0
0
0
0
0
0
0
0
0
0
0
0
0
0
0
0
0
0
0
0
0
0
0
0
0
0
0
0
0
0
0
0
0
0
0
0
0
0
0
0
0
0
0
0
0
0
0
0
0
0
0
0
0
0
0
0
0
0
0
0
0
0
0
0
0
0
0
0
0
0
0
0
0
0
0
0
0
0
0
0
0
0
0
0
0
0
0
0
0
0
0
0
0
0
0
0
0
0
0
0
0
0
0
0
0
0
0
0
0
0
0
0
0
0
0
0
0
0
0
0
0
0
0
0
0
0
0
0
0
0
0
0
0
0
0
0
0
0
0
0
0
0
0
0
0
0
0
0
0
0
0
0
0
0
0
0
0
0
0
0
0
0
0
0
0
0
0
0
0
0
0
0
0
0
0
0
0
0
0
0
0
0
0
0
0
0
0
0
0
0
0
0
0
0
0
0
0
0
0
0
0
0
0
0
0
0
0
0
0
0
0
0
0
0
0
0
0
0
0
0
0
0
0
0
0
0
0
0
0
0
0
0
0
0
0
0
0
0
0
0
0
0
0
0
0
0
0
0
0
0
0
0
0
0
0
0
0
0
0
0
0
0
0
0
0
0
0
0
0
0
0
0
0
0
0
0
0
0
0
0
0
0
0
0
0
0
0
0
0
0
0
0
0
0
0
0
0
0
0
0
0
0
0
0
0
0
0
0
0
0
0
0
0
0
0
0
0
0
0
0
0
0
0
0
0
0
0
0
0
0
0
0
0
0
0
0
0
0
0
0
0
0
0
0
0
0
0
0
0
0
0
0
0
0
0
0
0
0
0
0
0
0
0
0
0
0
0
0
0
0
0
0
0
0
0
0
0
0
0
0
0
0
0
0
0
0
0
0
0
0
0
0
0
0
0
0
0
0
0
0
0
0
0
0
0
0
0
0
0
0
0
0
0
0
0
0
0
0
0
0
0
0
0
0
0
0
0
0
0
0
0
0
0
0
0
0
0
0
0
0
0
0
0
0
0
0
0
0
0
0
0
0
0
0
0
0
0
0
0
0
0
0
0
0
0
0
0
0
0
0
0
0
0
0
0
0
0
0
0
0
0
0
0
0
0
0
0
0
0
0
0
0
0
0
0
0
0
0
0
0
0
0
0
0
0
0
0
0
0
0
0
0
0
0
0
0
0
0
0
0
0
0
0
0
0
0
0
0
0
0
0
0
0
0
0
0
0
0
0
0
0
0
0
0
0
0
0
0
0
0
0
0
0
0
0
0
0
0
0
0
0
0
0
0
0
0
0
0
0
0
0
0
0
0
0
0
0
0
0
0
0
0
0
0
0
0
0
0
0
0
0
0
0
0
0
0
0
0
0
0
0
0
0
0
0
0
0
0
0
0
0
0
0
0
0
0
0
0
0
0
0
0
0
0
0
0
0
0
0
0
0
0
0
0
0
0
0
0
0
0
0
0
0
0
0
0
0
0
0
0
0
0
0
0
0
0
0
0
0
0
0
0
0
0
0
0
0
0
0
0
0
0
0
0
0
0
0
0
0
0
0
0
0
0
0
0
0
0
0
0
0
0
0
0
0
0
0
0
0
0
0
0
0
0
0
0
0
0
0
0
0
0
0
0
0
0
0
0
0
0
0
0
0
0
0
0
0
0
0
0
0
0
0
0
0
0
0
0
0
0
0
0
0
0
0
0
0
0
0
0
0
0
0
0
0
0
0
0
0
0
0
0
0
0
0
0
0
0
0
0
0
0
0
0
0
0
0
0
0
0
0
0
0
0
0
0
0
0
0
0
0
0
0
0
0
0
0
0
0
0
0
0
0
0
0
0
0
0
0
0
0
0
0
0
0
0
0
0
0
0
0
0
0
0
0
0
0
0
0
0
0
0
0
0
0
0
0
0
0
0
0
0
0
0
0
0
0
0
0
0
0
0
0
0
0
0
0
0
0
0
0
0
0
0
0
0
0
0
0
0
0
0
0
0
0
0
0
0
0
0
0
0
0
0
0
0
0
0
0
0
0
0
0
0
0
0
0
0
0
0
0
0
0
0
0
0
0
0
0
0
0
0
0
0
0
0
0
0
0
0
0
0
0
0
0
0
0
0
0
0
0
0
0
0
0
0
0
0
0
0
0
0
0
0
0
0
0
0
0
0
0
0
0
0
0
0
0
0
0
0
0
0
0
0
0
0
0
0
0
0
0
0
0
0
0
0
0
0
0
0
0
0
0
0
0
0
0
0
0
0
0
0
0
0
0
0
0
0
0
0
0
0
0
0
0
0
0
0
0
0
0
0
0
0
0
0
0
0
0
0
0
0
0
0
0
0
0
0
0
0
0
0
0
0
0
0
0
0
0
0
0
0
0
0
0
0
0
0
0
0
0
0
0
0
0
0
0
0
0
0
0
0
0
0
0
0
0
0
0
0
0
0
0
0
0
0
0
0
0
0
0
0
0
0
0
0
0
0
0
0
0
0
0
0
0
0
0
0
0
0
0
0
0
0
0
0
0
0
0
0
0
0
0
0
0
0
0
0
0
0
0
0
0
0
0
0
0
0
0
0
0
0
0
0
0
0
0
0
0
0
0
0
0
0
0
0
0
0
0
0
0
0
0
0
0
0
0
0
0
0
0
0
0
0
0
0
0
0
0
0
0
0
0
0
0
0
0
0
0
0
0
0
0
0
0
0
0
0
0
0
0
0
0
0
0
0
0
0
0
0
0
0
0
0
0
0
0
0
0
0
0
0
0
0
0
0
0
0
0
0
0
0
0
0
0
0
0
0
0
0
0
0
0
0
0
0
0
0
0
0
0
0
0
0
0
0
0
0
0
0
0
0
0
0
0
0
0
0
0
0
0
0
0
0
0
0
0
0
0
0
0
0
0
0
0
0
0
0
0
0
0
0
0
0
0
0
0
0
0
0
0
0
0
0
0
0
0
0
0
0
0
0
0
0
0
0
0
0
0
0
0
0
0
0
0
0
0
0
0
0
0
0
0
0
0
0
0
0
0
0
0
0
0
0
0
0
0
0
0
0
0
0
0
0
0
0
0
0
0
0
0
0
0
0
0
0
0
0
0
0
0
0
0
0
0
0
0
0
0
0
0
0
0
0
0
0
0
0
0
0
0
0
0
0
0
0
0
0
0
0
0
0
0
0
0
0
0
0
0
0
0
0
0
0
0
0
0
0
0
0
0
0
0
0
0
0
0
0
0
0
0
0
0
0
0
0
0
0
0
0
0
0
0
0
0
0
0
0
0
0
0
0
0
0
0
0
0
0
0
0
0
0
0
0
0
0
0
0
0
0
0
0
0
0
0
0
0
0
0
0
0
0
0
0
0
0
0
0
0
0
0
0
0
0
0
0
0
0
0
0
0
0
0
0
0
0
0
0
0
0
0
0
0
0
0
0
0
0
0
0
0
0
0
0
0
0
0
0
0
0
0
0
0
0
0
0
0
0
0
0
0
0
0
0
0
0
0
0
0
0
0
0
0
0
0
0
0
0
0
0
0
0
0
0
0
0
0
0
0
0
0
0
0
0
0
0
0
0
0
0
0
0
0
0
0
0
0
0
0
0
0
0
0
0
0
0
0
0
0
0
0
0
0
0
0
0
0
0
0
0
0
0
0
0
0
0
0
0
0
0
0
0
0
0
0
0
0
0
0
0
0
0
0
0
0
0
0
0
0
0
0
0
0
0
0
0
0
0
0
0
0
0
0
0
0
0
0
0
0
0
0
0
0
0
0
0
0
0
0
0
0
0
0
0
0
0
0
0
0
0
0
