1
1
1
1
1
1
1
1
1
1
1
1
1
1
1
1
1
1
1
1
1
1
1
1
1
1
1
1
1
1
1
1
1
1
1
1
1
1
1
1
1
1
1
1
1
1
1
1
1
1
1
1
1
1
1
1
1
1
1
1
1
1
1
1
1
1
1
1
1
1
1
1
1
1
1
1
1
1
1
1
1
1
1
1
1
1
1
1
1
1
1
1
1
1
1
1
1
1
1
1
1
1
1
1
1
1
1
1
1
1
1
1
1
1
1
1
1
1
1
1
1
1
1
1
1
1
1
1
1
1
1
1
1
1
1
1
1
1
1
1
1
1
1
1
1
1
1
1
1
1
1
1
1
1
1
1
1
1
1
1
1
1
1
1
1
1
1
1
1
1
1
1
1
1
1
1
1
1
1
1
1
1
1
1
1
1
1
1
1
1
1
1
1
1
1
1
1
1
1
1
1
1
1
1
1
1
1
1
1
1
1
1
1
1
1
1
1
1
1
1
1
1
1
1
1
1
1
1
1
1
1
1
1
1
1
1
1
1
1
1
1
1
1
1
1
1
1
1
1
1
1
1
1
1
1
1
1
1
1
1
1
1
1
1
1
1
1
1
1
1
1
1
1
1
1
1
1
1
1
1
1
1
1
1
1
1
1
1
1
1
1
1
1
1
1
1
1
1
1
1
1
1
1
1
1
1
1
1
1
1
1
1
1
1
1
1
1
1
1
1
1
1
1
1
1
1
1
1
1
1
1
1
1
1
1
1
1
1
1
1
1
1
1
1
1
1
1
1
1
1
1
1
1
1
1
1
1
1
1
1
1
1
1
1
1
1
1
1
1
1
1
1
1
1
1
1
1
1
1
1
1
1
1
1
1
1
1
1
1
1
1
1
1
1
1
1
1
1
1
1
1
1
1
1
1
1
1
1
1
1
1
1
1
1
1
1
1
1
1
1
1
1
1
1
1
1
1
1
1
1
1
1
1
1
1
1
1
1
1
1
1
1
1
1
1
1
1
1
1
1
1
1
1
1
1
1
1
1
1
1
1
1
1
1
1
1
1
1
1
1
1
1
1
1
1
1
1
1
1
1
1
1
1
1
1
1
1
1
1
1
1
1
1
1
1
1
1
1
1
1
1
1
1
1
1
1
1
1
1
1
1
1
1
1
1
1
1
1
1
1
1
1
1
1
1
1
1
1
1
1
1
1
1
1
1
1
1
1
1
1
1
1
1
1
1
1
1
1
1
1
1
1
1
1
1
1
1
1
1
1
1
1
1
1
1
1
1
1
1
1
1
1
1
1
1
1
1
1
1
1
1
1
1
1
1
1
1
1
1
1
1
1
1
1
1
1
1
1
1
1
1
1
1
1
1
1
1
1
1
1
1
1
1
1
1
1
1
1
1
1
1
1
1
1
1
1
1
1
1
1
1
1
1
1
1
1
1
1
1
1
1
1
1
1
1
1
1
1
1
1
1
1
1
1
1
1
1
1
1
1
1
1
1
1
1
1
1
1
1
1
1
1
1
1
1
1
1
1
1
1
1
1
1
1
1
1
1
1
1
1
1
1
1
1
1
1
1
1
1
1
1
1
1
1
1
1
1
1
1
1
1
1
1
1
1
1
1
1
1
1
1
1
1
1
1
1
1
1
1
1
1
1
1
1
1
1
1
1
1
1
1
1
1
1
1
1
1
1
1
1
1
1
1
1
1
1
1
1
1
1
1
1
1
1
1
1
1
1
1
1
1
1
1
1
1
1
1
1
1
1
1
1
1
1
1
1
1
1
1
1
1
1
1
1
1
1
1
1
1
1
1
1
1
1
1
1
1
1
1
1
1
1
1
1
1
1
1
1
1
1
1
1
1
1
1
1
1
1
1
1
1
1
1
1
1
1
1
1
1
1
1
1
1
1
1
1
1
1
1
1
1
1
1
1
1
1
1
1
1
1
1
1
1
1
1
1
1
1
1
1
1
1
1
1
1
1
1
1
1
1
1
1
1
1
1
1
1
1
1
1
1
1
1
1
1
1
1
1
1
1
1
1
1
1
1
1
1
1
1
1
1
1
1
1
1
1
1
1
1
1
1
1
1
1
1
1
1
1
1
1
1
1
1
1
1
1
1
1
1
1
1
1
1
1
1
1
1
1
1
1
1
1
1
1
1
1
1
1
1
1
1
1
1
1
1
1
1
1
1
1
1
1
1
1
1
1
1
1
1
1
1
1
1
1
1
1
1
1
1
1
1
1
1
1
1
1
1
1
1
1
1
1
1
1
1
1
1
1
1
1
1
1
1
1
1
1
1
1
1
1
1
1
1
1
1
1
1
1
1
1
1
1
1
1
1
1
1
1
1
1
1
1
1
1
1
1
1
1
1
1
1
1
1
1
1
1
1
1
1
1
1
1
1
1
1
1
1
1
1
1
1
1
1
1
1
1
1
1
1
1
1
1
1
1
1
1
1
1
1
1
1
1
1
1
1
1
1
1
1
1
1
1
1
1
1
1
1
1
1
1
1
1
1
1
1
1
1
1
1
1
1
1
1
1
1
1
1
1
1
1
1
1
1
1
1
1
1
1
1
1
1
1
1
1
1
1
1
1
1
1
1
1
1
1
1
1
1
1
1
1
1
1
1
1
1
1
1
1
1
1
1
1
1
1
1
1
1
1
1
1
1
1
1
1
1
1
1
1
1
1
1
1
1
1
1
1
1
1
1
1
1
1
1
1
1
1
1
1
1
1
1
1
1
1
1
1
1
1
1
1
1
1
1
1
1
1
1
1
1
1
1
1
1
1
1
1
1
1
1
1
1
1
1
1
1
1
1
1
1
1
1
1
1
1
1
1
1
1
1
1
1
1
1
1
1
1
1
1
1
1
1
1
1
1
1
1
1
1
1
1
1
1
1
1
1
1
1
1
1
1
1
1
1
1
1
1
1
1
1
1
1
1
1
1
1
1
1
1
1
1
1
1
1
1
1
1
1
1
1
1
1
1
1
1
1
1
1
1
1
1
1
1
1
1
1
1
1
1
1
1
1
1
1
1
1
1
1
1
1
1
1
1
1
1
1
1
1
1
1
1
1
1
1
1
1
1
1
1
1
1
1
1
1
1
1
1
1
1
1
1
1
1
1
1
1
1
1
1
1
1
1
1
1
1
1
1
1
1
1
1
1
1
1
1
1
1
1
1
1
1
1
1
1
1
1
1
1
1
1
1
1
1
1
1
1
1
1
1
1
1
1
1
1
1
1
1
1
1
1
1
1
1
1
1
1
1
1
1
1
1
1
1
1
1
1
1
1
1
1
1
1
1
1
1
1
1
1
1
1
1
1
1
1
1
1
1
1
1
1
1
1
1
1
1
1
1
1
1
1
1
1
1
1
1
1
1
1
1
1
1
1
1
1
1
1
1
1
1
1
1
1
1
1
1
1
1
1
1
1
1
1
1
1
1
1
1
1
1
1
1
1
1
1
1
1
1
1
1
1
1
1
1
1
1
1
1
1
1
1
1
1
1
1
1
1
1
1
1
1
1
1
1
1
1
1
1
1
1
1
1
1
1
1
1
1
1
1
1
1
1
1
1
1
1
1
1
1
1
1
1
1
1
1
1
1
1
1
1
1
1
1
1
1
1
1
1
1
1
1
1
1
1
1
1
1
1
1
1
1
1
1
1
1
1
1
1
1
1
1
1
1
1
1
1
1
1
1
1
1
1
1
1
1
1
1
1
1
1
1
1
1
1
1
1
1
1
1
1
1
1
1
1
1
1
1
1
1
1
1
1
1
1
1
1
1
1
1
1
1
1
1
1
1
1
1
1
1
1
1
1
1
1
1
1
1
1
1
1
1
1
1
1
1
1
1
1
1
1
1
1
1
1
1
1
1
1
1
1
1
1
1
1
1
1
1
1
1
1
1
1
1
1
1
1
1
1
1
1
1
1
1
1
1
1
1
1
1
1
1
1
1
1
1
1
1
1
1
1
1
1
1
1
1
1
1
1
1
1
1
1
1
1
1
1
1
1
1
1
1
1
1
1
1
1
1
1
1
1
1
1
1
1
1
1
1
1
1
1
1
1
1
1
1
1
1
1
1
1
1
1
1
1
1
1
1
1
1
1
1
1
1
1
1
1
1
1
1
1
1
1
1
1
1
1
1
1
1
1
1
1
1
1
1
1
1
1
1
1
1
1
1
1
1
1
1
1
1
1
1
1
1
1
1
1
1
1
1
1
1
1
1
1
1
1
1
1
1
1
1
1
1
1
1
1
1
1
1
1
1
1
1
1
1
1
1
1
1
1
1
1
1
1
1
1
1
1
1
1
1
1
1
1
1
1
1
1
1
1
1
1
1
1
1
1
1
1
1
1
1
1
1
1
1
1
1
1
1
1
1
1
1
1
1
1
1
1
1
1
1
1
1
1
1
1
1
1
1
1
1
1
1
1
1
1
1
1
1
1
1
1
1
1
1
1
1
1
1
1
1
1
1
1
1
1
1
1
1
1
1
1
1
1
1
1
1
1
1
1
1
1
1
1
1
1
1
1
1
1
1
1
1
1
1
1
1
1
1
1
1
1
1
1
1
1
1
1
1
1
1
1
1
1
1
1
1
1
1
1
1
1
1
1
1
1
1
1
1
1
1
1
1
1
1
1
1
1
1
1
1
1
1
1
1
1
1
1
1
1
1
1
1
1
1
1
1
1
1
1
1
1
1
1
1
1
1
1
1
1
1
1
1
1
1
1
1
1
1
1
1
1
1
1
1
1
1
1
1
1
1
1
1
1
1
1
1
1
1
1
1
1
1
1
1
1
1
1
1
1
1
1
1
1
1
1
1
1
1
1
1
1
1
1
1
1
1
1
1
1
1
1
1
1
1
1
1
1
1
1
1
1
1
1
1
1
1
1
1
1
1
1
1
1
1
1
1
1
1
1
1
1
1
1
1
1
1
1
1
1
1
1
1
1
1
1
1
1
1
1
1
1
1
1
1
1
1
1
1
1
1
1
1
1
1
1
1
1
1
1
1
1
1
1
1
1
1
1
1
1
1
1
1
1
1
1
1
1
1
1
1
1
1
1
1
1
1
1
1
1
1
1
1
1
1
1
1
1
1
1
1
1
1
1
1
1
1
1
1
1
1
1
1
1
1
1
1
1
1
1
1
1
1
1
1
1
1
1
1
1
1
1
1
1
1
1
1
1
1
1
1
1
1
1
1
1
1
1
1
1
1
1
1
1
1
1
1
1
1
1
1
1
1
1
1
1
1
1
1
1
1
1
1
1
1
1
1
1
1
1
1
1
1
1
1
1
1
1
1
1
1
1
1
1
1
1
1
1
1
1
1
1
1
1
1
1
1
1
1
1
1
1
1
1
1
1
1
1
1
1
1
1
1
1
1
1
1
1
1
1
1
1
1
1
1
1
1
1
1
1
1
1
1
1
1
1
1
1
1
1
1
1
1
1
1
1
1
1
1
1
1
1
1
1
1
1
1
1
1
1
1
1
1
1
1
1
1
1
1
1
1
1
1
1
1
1
1
1
1
1
1
1
1
1
1
1
1
1
1
1
1
1
1
1
1
1
1
1
1
1
1
1
1
1
1
1
1
1
1
1
1
1
1
1
1
1
1
1
1
1
1
1
1
1
1
1
1
1
1
1
1
1
1
0.999999
0.999999
0.999998
0.999997
0.999997
0.999996
0.999996
0.999996
0.999995
0.999995
0.999994
0.999994
0.999993
0.999993
0.999992
0.999992
0.999991
0.999991
0.99999
0.999989
0.999989
0.999988
0.999988
0.999987
0.999987
0.999986
0.999986
0.999985
0.999985
0.999984
0.999984
0.999983
0.999983
0.999982
0.999982
0.999981
0.999981
0.99998
0.99998
0.999979
0.999979
0.999978
0.999978
0.999977
0.999977
0.999976
0.999976
0.999975
0.999975
0.999974
0.999974
0.999973
0.999972
0.999972
0.999971
0.999971
0.99997
0.99997
0.999969
0.999969
0.999968
0.999967
0.999967
0.999966
0.999966
0.999965
0.999965
0.999965
0.999964
0.999964
0.999963
0.999963
0.999962
0.999962
0.999961
0.999961
0.99996
0.99996
0.999959
0.999959
0.999959
0.999958
0.999958
0.999957
0.999957
0.999956
0.999956
0.999955
0.999955
0.999954
0.999954
0.999954
0.999953
0.999953
0.999953
0.999952
0.999951
0.999951
0.99995
0.99995
0.99995
0.999949
0.999949
0.999948
0.999948
0.999947
0.999947
0.999946
0.999946
0.999945
0.999945
0.999944
0.999944
0.999944
0.999943
0.999943
0.999942
0.999942
0.999941
0.999941
0.999941
0.99994
0.99994
0.999939
0.999938
0.999938
0.999937
0.999937
0.999936
0.999936
0.999935
0.999935
0.999934
0.999934
0.999933
0.999933
0.999932
0.999932
0.999931
0.999931
0.99993
0.99993
0.999929
0.999929
0.999928
0.999928
0.999927
0.999927
0.999927
0.999926
0.999926
0.999925
0.999925
0.999925
0.999924
0.999924
0.999923
0.999923
0.999922
0.999922
0.999921
0.999921
0.99992
0.99992
0.999919
0.999919
0.999918
0.999918
0.999917
0.999917
0.999916
0.999916
0.999915
0.999915
0.999914
0.999914
0.999913
0.999913
0.999912
0.999912
0.999911
0.999911
0.99991
0.99991
0.999909
0.999909
0.999908
0.999908
0.999907
0.999907
0.999906
0.999906
0.999905
0.999905
0.999904
0.999904
0.999903
0.999903
0.999902
0.999902
0.999901
0.999901
0.9999
0.9999
0.999899
0.999899
0.999898
0.999897
0.999897
0.999896
0.999896
0.999895
0.999895
0.999894
0.999894
0.999893
0.999893
0.999892
0.999892
0.999891
0.999891
0.99989
0.99989
0.999889
0.999889
0.999888
0.999888
0.999887
0.999887
0.999886
0.999886
0.999885
0.999884
0.999884
0.999883
0.999883
0.999882
0.999882
0.999881
0.99988
0.99988
0.99988
0.999879
0.999878
0.999878
0.999877
0.999876
0.999876
0.999875
0.999875
0.999875
0.999874
0.999873
0.999873
0.999872
0.999872
0.999871
0.999871
0.99987
0.99987
0.999869
0.999868
0.999867
0.999866
0.999866
0.999865
0.999864
0.999864
0.999863
0.999862
0.999862
0.999861
0.999861
0.99986
0.999859
0.999859
0.999858
0.999858
0.999857
0.999856
0.999855
0.999854
0.999854
0.999853
0.999852
0.999851
0.999851
0.99985
0.999849
0.999848
0.999848
0.999847
0.999846
0.999845
0.999844
0.999844
0.999843
0.999842
0.999842
0.999841
0.99984
0.999839
0.999839
0.999838
0.999837
0.999836
0.999835
0.999835
0.999834
0.999833
0.999832
0.999831
0.99983
0.99983
0.999829
0.999828
0.999827
0.999827
0.999826
0.999825
0.999824
0.999823
0.999822
0.999821
0.99982
0.999819
0.999818
0.999817
0.999815
0.999814
0.999813
0.999811
0.999811
0.999809
0.999808
0.999807
0.999806
0.999805
0.999804
0.999803
0.999802
0.999801
0.999799
0.999798
0.999798
0.999797
0.999795
0.999794
0.999793
0.999791
0.99979
0.999789
0.999787
0.999786
0.999784
0.999783
0.999782
0.99978
0.999778
0.999777
0.999775
0.999774
0.999773
0.999771
0.99977
0.999768
0.999767
0.999765
0.999764
0.999762
0.99976
0.999759
0.999757
0.999755
0.999753
0.999752
0.99975
0.999748
0.999746
0.999744
0.999742
0.99974
0.999738
0.999737
0.999735
0.999733
0.999731
0.999729
0.999727
0.999725
0.999723
0.999721
0.999719
0.999716
0.999714
0.999712
0.99971
0.999707
0.999705
0.999703
0.9997
0.999697
0.999695
0.999692
0.99969
0.999687
0.999685
0.999683
0.99968
0.999677
0.999675
0.999672
0.99967
0.999667
0.999664
0.99966
0.999658
0.999655
0.999652
0.999649
0.999646
0.999643
0.99964
0.999637
0.999633
0.99963
0.999627
0.999623
0.999619
0.999616
0.999613
0.999609
0.999606
0.999602
0.999599
0.999595
0.99959
0.999587
0.999583
0.999579
0.999575
0.999571
0.999566
0.999562
0.999558
0.999553
0.999549
0.999544
0.999539
0.999535
0.99953
0.999525
0.999521
0.999516
0.999511
0.999506
0.999501
0.999495
0.99949
0.999484
0.999478
0.999473
0.999467
0.999461
0.999454
0.999448
0.999443
0.999436
0.99943
0.999423
0.999416
0.99941
0.999403
0.999397
0.99939
0.999383
0.999375
0.999368
0.999361
0.999353
0.999345
0.999337
0.99933
0.999323
0.999315
0.999308
0.9993
0.999291
0.999282
0.999272
0.999264
0.999255
0.999246
0.999237
0.999228
0.999219
0.99921
0.999201
0.999192
0.999182
0.999171
0.999161
0.999151
0.999141
0.99913
0.999119
0.999109
0.999098
0.999086
0.999075
0.999064
0.999053
0.999042
0.999029
0.999017
0.999005
0.998993
0.99898
0.998968
0.998955
0.998942
0.998929
0.998916
0.998901
0.998887
0.998873
0.998858
0.998845
0.998829
0.998814
0.998799
0.998783
0.998768
0.998752
0.998735
0.998719
0.998701
0.998684
0.998666
0.998649
0.998631
0.998614
0.998596
0.998577
0.998558
0.998539
0.998519
0.998501
0.998481
0.99846
0.99844
0.998418
0.998397
0.998374
0.998352
0.99833
0.998309
0.998287
0.998263
0.99824
0.998217
0.998195
0.998171
0.998146
0.998122
0.998096
0.99807
0.998044
0.998018
0.997992
0.997965
0.997937
0.997911
0.997884
0.997858
0.99783
0.997802
0.997772
0.997743
0.997715
0.997683
0.997653
0.997623
0.997592
0.997561
0.997528
0.997497
0.997465
0.997432
0.997399
0.997366
0.99733
0.997295
0.997259
0.997227
0.997191
0.997153
0.997119
0.997084
0.997046
0.997009
0.99697
0.996932
0.996892
0.996854
0.996816
0.996776
0.996737
0.996697
0.996656
0.996615
0.996574
0.996532
0.996488
0.996445
0.996401
0.996355
0.996312
0.996266
0.99622
0.996176
0.99613
0.996085
0.996039
0.995993
0.995946
0.995901
0.995853
0.995803
0.995754
0.995705
0.995656
0.995604
0.995554
0.995504
0.995455
0.995402
0.99535
0.995298
0.995245
0.995194
0.995142
0.995089
0.995034
0.994981
0.994926
0.994872
0.994818
0.994763
0.994706
0.994648
0.994593
0.994536
0.994477
0.994418
0.994358
0.994299
0.994236
0.994175
0.994112
0.994051
0.993988
0.993928
0.993864
0.993799
0.993737
0.993672
0.993609
0.993545
0.993478
0.993411
0.993344
0.993275
0.993206
0.993139
0.993068
0.992998
0.992926
0.992853
0.992782
0.992707
0.992633
0.99256
0.992486
0.992411
0.992338
0.992262
0.992186
0.992107
0.99203
0.991952
0.99187
0.991791
0.99171
0.99163
0.991549
0.991469
0.991386
0.991302
0.991217
0.991131
0.991047
0.990961
0.990871
0.990784
0.990697
0.990607
0.990516
0.990427
0.990334
0.990244
0.990149
0.990055
0.989963
0.989868
0.989768
0.989669
0.989569
0.989471
0.989373
0.989273
0.989173
0.98907
0.988967
0.988864
0.988761
0.988656
0.988548
0.988441
0.988332
0.988223
0.98811
0.987994
0.987885
0.987771
0.987655
0.987538
0.987418
0.987302
0.98718
0.987061
0.986945
0.986828
0.986702
0.986578
0.986455
0.986331
0.986204
0.986079
0.98595
0.985819
0.985686
0.985556
0.985426
0.985292
0.98516
0.985023
0.984885
0.984744
0.984606
0.984465
0.984322
0.984182
0.98404
0.983892
0.983747
0.9836
0.983456
0.983307
0.983156
0.983005
0.982856
0.982704
0.982546
0.982388
0.98223
0.982069
0.981907
0.981744
0.981583
0.981416
0.981251
0.981088
0.98092
0.98075
0.980577
0.980405
0.980233
0.980062
0.979888
0.979708
0.97953
0.979349
0.97917
0.978986
0.978806
0.978618
0.978432
0.978247
0.978056
0.977864
0.97767
0.977477
0.977281
0.977083
0.976887
0.97669
0.976487
0.976285
0.976079
0.975877
0.975672
0.975463
0.975255
0.975045
0.974831
0.974615
0.974401
0.974185
0.973962
0.973741
0.973514
0.973291
0.973064
0.972839
0.972616
0.972387
0.97216
0.971925
0.971694
0.971458
0.971219
0.97098
0.970743
0.970503
0.970263
0.970019
0.96977
0.969522
0.96927
0.969022
0.968771
0.96852
0.968265
0.968008
0.967748
0.967489
0.967228
0.966962
0.966698
0.966434
0.966162
0.965892
0.965619
0.965344
0.965072
0.964796
0.964522
0.964239
0.963956
0.963676
0.963395
0.963105
0.96281
0.962514
0.962216
0.961918
0.961618
0.961314
0.961009
0.960708
0.960405
0.960092
0.959778
0.959466
0.959148
0.958832
0.958516
0.958197
0.957874
0.957546
0.957215
0.956884
0.956553
0.956215
0.955878
0.955538
0.955194
0.954846
0.9545
0.954151
0.953799
0.953442
0.953081
0.952723
0.952358
0.951993
0.951626
0.951256
0.95088
0.950501
0.950121
0.949737
0.949358
0.948968
0.948585
0.948191
0.947796
0.9474
0.947002
0.946597
0.946194
0.945789
0.945382
0.944975
0.944557
0.944143
0.943728
0.943309
0.942886
0.94246
0.94203
0.941599
0.941167
0.940729
0.940294
0.939855
0.939418
0.938977
0.938526
0.938077
0.937626
0.937173
0.936722
0.936262
0.935803
0.93534
0.934877
0.934411
0.93394
0.933468
0.932997
0.932522
0.932047
0.931566
0.931084
0.9306
0.930116
0.929631
0.929144
0.928663
0.928172
0.927679
0.927186
0.92669
0.926196
0.9257
0.925205
0.924702
0.924198
0.923691
0.923179
0.922669
0.92216
0.921643
0.921127
0.920617
0.920102
0.91959
0.91907
0.918554
0.918037
0.917516
0.916998
0.916476
0.91595
0.915423
0.914894
0.914372
0.913837
0.913302
0.912772
0.91224
0.911712
0.911179
0.910648
0.910112
0.909581
0.909051
0.908506
0.907968
0.907435
0.90689
0.90635
0.905805
0.905265
0.90472
0.904181
0.903639
0.903086
0.902547
0.902003
0.901458
0.900921
0.90038
0.899836
0.899296
0.898745
0.8982
0.897651
0.897102
0.896552
0.896007
0.89546
0.894915
0.894363
0.893815
0.893263
0.892709
0.89215
0.891602
0.891052
0.890502
0.88995
0.889399
0.888848
0.8883
0.887751
0.887201
0.88665
0.886099
0.885543
0.884992
0.884443
0.88389
0.883334
0.882782
0.882228
0.881675
0.881119
0.880571
0.880023
0.879471
0.878919
0.878363
0.877807
0.877253
0.876708
0.876152
0.875594
0.875043
0.874485
0.873931
0.873375
0.872817
0.872267
0.871715
0.871158
0.870611
0.870056
0.869506
0.868953
0.868395
0.867834
0.867276
0.86672
0.866167
0.865615
0.865063
0.864508
0.863956
0.863398
0.862849
0.8623
0.861747
0.861196
0.860644
0.860092
0.859542
0.858987
0.858427
0.857872
0.857318
0.856768
0.856211
0.855655
0.855101
0.854547
0.853992
0.853432
0.852877
0.852323
0.851767
0.851212
0.850657
0.850102
0.84955
0.848991
0.848433
0.847875
0.84732
0.846765
0.846206
0.845649
0.845093
0.844537
0.843978
0.843416
0.84286
0.842304
0.841744
0.841193
0.840636
0.840079
0.839513
0.838954
0.838396
0.837836
0.837274
0.836716
0.836164
0.835607
0.835051
0.834489
0.833938
0.833372
0.832815
0.83226
0.831701
0.831143
0.830588
0.830033
0.829475
0.828918
0.82836
0.827808
0.827248
0.826696
0.826138
0.825584
0.825027
0.824477
0.823923
0.823368
0.822813
0.82226
0.821698
0.821142
0.820583
0.820035
0.819481
0.81893
0.818377
0.817827
0.817269
0.816717
0.816163
0.815619
0.815069
0.814515
0.813959
0.813407
0.812853
0.812303
0.811749
0.811202
0.810656
0.810104
0.809556
0.809
0.808444
0.807901
0.807355
0.806805
0.806251
0.805703
0.805157
0.804608
0.804057
0.803507
0.802957
0.802409
0.801857
0.801303
0.800754
0.80019
0.799644
0.799088
0.798536
0.797987
0.797434
0.79688
0.79633
0.795774
0.795223
0.794669
0.794118
0.793569
0.793015
0.792466
0.79191
0.791359
0.790806
0.790257
0.789699
0.789149
0.78859
0.788034
0.787482
0.786928
0.786377
0.785822
0.785271
0.784724
0.784173
0.783621
0.783076
0.782517
0.781963
0.781402
0.780844
0.780286
0.779731
0.779176
0.778622
0.778062
0.777507
0.776947
0.776391
0.775838
0.77528
0.774719
0.774167
0.773606
0.773054
0.772499
0.771944
0.771388
0.770838
0.770285
0.769726
0.769172
0.768621
0.768068
0.76751
0.766959
0.766401
0.765846
0.765284
0.764724
0.76417
0.76361
0.763061
0.762499
0.761937
0.761387
0.760826
0.760266
0.7597
0.759144
0.758579
0.758023
0.75747
0.756914
0.756352
0.755791
0.755228
0.754664
0.754105
0.753553
0.752992
0.752437
0.751875
0.751316
0.750753
0.750194
0.749638
0.749087
0.748527
0.747966
0.747409
0.746847
0.746287
0.745727
0.745161
0.744601
0.744043
0.743483
0.742925
0.742361
0.741801
0.741238
0.74068
0.740125
0.739564
0.739008
0.738447
0.73789
0.737338
0.736785
0.736229
0.735668
0.735109
0.734551
0.733985
0.733427
0.732867
0.732314
0.731751
0.731186
0.730631
0.730075
0.729517
0.728961
0.728399
0.727834
0.727274
0.726719
0.726158
0.7256
0.725036
0.724478
0.723915
0.723353
0.722794
0.722233
0.72167
0.721111
0.720545
0.719986
0.719427
0.718868
0.718313
0.71775
0.717195
0.71663
0.716072
0.715514
0.714954
0.714396
0.713834
0.713279
0.712723
0.712164
0.711606
0.711043
0.710481
0.70992
0.709361
0.708802
0.708244
0.707689
0.707132
0.706575
0.706014
0.705457
0.704894
0.704336
0.703773
0.703214
0.702651
0.702094
0.701534
0.700976
0.700421
0.69986
0.699302
0.698739
0.698181
0.697628
0.697067
0.696507
0.695947
0.695385
0.694824
0.694268
0.693711
0.693151
0.692591
0.692034
0.691475
0.690915
0.690358
0.689804
0.689239
0.688678
0.688127
0.687568
0.687009
0.686446
0.685884
0.685324
0.684769
0.684206
0.683642
0.683077
0.682517
0.68196
0.681403
0.680841
0.680278
0.679716
0.679155
0.678604
0.678041
0.677485
0.67693
0.676364
0.675808
0.675247
0.674681
0.674125
0.673568
0.67301
0.67245
0.671887
0.671331
0.670771
0.670202
0.66964
0.669072
0.668511
0.667951
0.667393
0.666832
0.666273
0.665708
0.665146
0.664584
0.664025
0.663465
0.662904
0.662345
0.661788
0.661227
0.660668
0.660109
0.659544
0.658986
0.658429
0.657873
0.657313
0.656748
0.65618
0.655626
0.655073
0.654515
0.653954
0.653394
0.652832
0.652271
0.651711
0.651158
0.6506
0.650036
0.649476
0.648919
0.648351
0.64779
0.647228
0.646669
0.646112
0.645557
0.645001
0.644442
0.643883
0.643327
0.642767
0.642212
0.641659
0.641103
0.640546
0.639982
0.639427
0.638864
0.638305
0.637746
0.637187
0.636622
0.636055
0.635498
0.634936
0.634373
0.633814
0.633259
0.632702
0.632143
0.631581
0.631022
0.630466
0.629906
0.62935
0.628792
0.628235
0.627679
0.627123
0.626568
0.626014
0.62545
0.624891
0.624323
0.623758
0.623199
0.622638
0.62208
0.621517
0.620961
0.6204
0.61984
0.619284
0.618726
0.618169
0.617607
0.617044
0.61649
0.615924
0.615365
0.614802
0.614234
0.613675
0.613119
0.61256
0.611995
0.611438
0.610879
0.610319
0.609754
0.609193
0.608635
0.608076
0.607515
0.60695
0.606391
0.605827
0.605263
0.604703
0.604141
0.603578
0.603017
0.602451
0.601892
0.601321
0.600756
0.600191
0.599625
0.599072
0.598504
0.597934
0.597374
0.596809
0.596242
0.595679
0.595115
0.594552
0.593993
0.593428
0.592863
0.5923
0.59173
0.591163
0.590602
0.59004
0.58948
0.588917
0.588347
0.587784
0.58722
0.586655
0.586088
0.58552
0.584957
0.584391
0.583824
0.58326
0.582697
0.58213
0.58156
0.580991
0.580416
0.579848
0.57928
0.578714
0.578151
0.577583
0.577013
0.57644
0.57587
0.575305
0.574732
0.574162
0.573595
0.573031
0.57247
0.5719
0.571333
0.570764
0.57019
0.569623
0.569057
0.568491
0.567922
0.567349
0.566783
0.566217
0.565645
0.565074
0.564503
0.563935
0.563371
0.562807
0.562233
0.561657
0.561084
0.56052
0.55995
0.559379
0.558809
0.558234
0.557663
0.557087
0.556518
0.555948
0.555375
0.554808
0.554241
0.553668
0.553098
0.552522
0.551944
0.551375
0.550799
0.550229
0.54966
0.549092
0.548518
0.547948
0.547378
0.546816
0.546242
0.545667
0.5451
0.544531
0.543965
0.54339
0.542821
0.542254
0.541678
0.541104
0.540534
0.539966
0.539402
0.538837
0.538271
0.537708
0.537142
0.536572
0.53601
0.535439
0.534875
0.534308
0.53374
0.533173
0.532608
0.532039
0.53147
0.530901
0.530334
0.529767
0.5292
0.528631
0.528068
0.527501
0.526938
0.526365
0.525804
0.525236
0.524671
0.5241
0.523531
0.52296
0.522393
0.521829
0.521258
0.520689
0.52012
0.519551
0.518984
0.518418
0.517854
0.517284
0.516719
0.516154
0.515585
0.515022
0.514452
0.513887
0.513319
0.512748
0.512178
0.511611
0.511045
0.510481
0.509909
0.509346
0.508777
0.508211
0.507647
0.507081
0.506511
0.505946
0.505375
0.504805
0.504236
0.503667
0.503095
0.502521
0.501949
0.501386
0.500817
0.500253
0.499683
0.499111
0.498547
0.49798
0.497414
0.496842
0.49627
0.495703
0.49514
0.494568
0.493995
0.493424
0.492854
0.492286
0.49172
0.491148
0.490578
0.490009
0.489437
0.488867
0.488307
0.487737
0.487166
0.486597
0.486035
0.485469
0.484904
0.484334
0.483767
0.483194
0.482624
0.482055
0.481487
0.480922
0.480354
0.479782
0.479215
0.478645
0.47807
0.477501
0.476931
0.476358
0.475787
0.475212
0.474643
0.474069
0.473505
0.472927
0.472358
0.471789
0.471223
0.470646
0.470073
0.469498
0.468931
0.46836
0.467787
0.467212
0.46664
0.466069
0.465491
0.464921
0.464347
0.463768
0.463199
0.462631
0.462062
0.461486
0.460911
0.46034
0.459763
0.459192
0.458619
0.458045
0.457472
0.4569
0.456327
0.455754
0.455184
0.45461
0.454042
0.453472
0.452897
0.452319
0.451748
0.451177
0.450609
0.450032
0.449461
0.44889
0.448321
0.447755
0.447184
0.44661
0.44604
0.445465
0.444894
0.444331
0.443757
0.44319
0.442619
0.442049
0.441486
0.440911
0.440344
0.439768
0.439202
0.438632
0.438068
0.437498
0.436929
0.436358
0.435796
0.435227
0.434655
0.434082
0.433517
0.432948
0.432382
0.431811
0.431237
0.430671
0.430104
0.429532
0.428968
0.428401
0.427824
0.427248
0.426684
0.426116
0.42554
0.424976
0.424404
0.423835
0.423268
0.422698
0.42213
0.421565
0.420992
0.420424
0.419855
0.419284
0.418713
0.418148
0.417575
0.417009
0.416444
0.415873
0.4153
0.414729
0.414154
0.413576
0.413
0.41242
0.411848
0.411278
0.410707
0.410136
0.409561
0.408993
0.408414
0.407842
0.407261
0.406686
0.406112
0.405537
0.40496
0.404375
0.403805
0.40323
0.402656
0.402076
0.401499
0.400927
0.400353
0.399769
0.399197
0.398617
0.398041
0.397461
0.396884
0.396303
0.395717
0.395137
0.394556
0.393977
0.393392
0.392812
0.39223
0.391652
0.391069
0.390488
0.389915
0.389337
0.388754
0.38818
0.387606
0.387027
0.386443
0.385857
0.385277
0.384698
0.384117
0.383531
0.382951
0.382372
0.381791
0.381209
0.38063
0.380053
0.379475
0.378886
0.378302
0.377724
0.377143
0.376562
0.375977
0.375394
0.374815
0.374227
0.373641
0.373052
0.372465
0.371882
0.371304
0.370723
0.370139
0.369552
0.368973
0.368389
0.367802
0.36722
0.36664
0.366057
0.365472
0.364887
0.364307
0.363724
0.363143
0.362557
0.361972
0.361385
0.360797
0.360216
0.359627
0.359037
0.358458
0.357868
0.357286
0.356698
0.356106
0.355516
0.354932
0.354345
0.353755
0.353174
0.352596
0.352013
0.351426
0.350839
0.350249
0.349661
0.349069
0.348486
0.3479
0.347315
0.346728
0.346144
0.345556
0.344976
0.344391
0.343812
0.343224
0.342629
0.34204
0.341453
0.34086
0.340264
0.339677
0.339085
0.338493
0.337909
0.337322
0.33673
0.336144
0.33555
0.334965
0.334376
0.333787
0.333191
0.332599
0.332002
0.331417
0.330825
0.33024
0.329649
0.329053
0.328462
0.32787
0.327274
0.326682
0.326087
0.325496
0.324905
0.324309
0.323715
0.32312
0.322534
0.321934
0.321345
0.320752
0.320157
0.319567
0.318973
0.318378
0.317783
0.317187
0.316593
0.315998
0.315403
0.314812
0.314217
0.313618
0.31303
0.312433
0.311835
0.311233
0.310628
0.31003
0.30943
0.308831
0.308228
0.307626
0.307021
0.306423
0.305824
0.305231
0.304633
0.30403
0.303425
0.302829
0.302224
0.301625
0.301029
0.300423
0.299814
0.299207
0.298613
0.298017
0.297417
0.296817
0.296215
0.295609
0.295013
0.294405
0.293805
0.293199
0.292586
0.291976
0.29137
0.290763
0.290166
0.289557
0.288946
0.288341
0.287732
0.287128
0.286526
0.285913
0.285316
0.284709
0.284105
0.283502
0.282892
0.282278
0.281665
0.281063
0.280451
0.279845
0.27924
0.278634
0.278024
0.277416
0.27681
0.276201
0.275589
0.274984
0.274374
0.273767
0.273165
0.272555
0.271946
0.271327
0.270715
0.270103
0.269494
0.268878
0.268266
0.267655
0.267047
0.266435
0.265823
0.265223
0.26461
0.264003
0.26339
0.262785
0.262171
0.261564
0.260952
0.260335
0.259722
0.259111
0.258497
0.257883
0.257267
0.256652
0.256037
0.255422
0.254807
0.254193
0.25358
0.252965
0.252344
0.251727
0.251119
0.250509
0.249896
0.249283
0.248661
0.248052
0.247441
0.246825
0.246213
0.245594
0.244979
0.244365
0.243753
0.243142
0.242522
0.241905
0.241289
0.24067
0.240057
0.239439
0.23882
0.2382
0.237581
0.236964
0.23634
0.235726
0.23511
0.234488
0.233867
0.233256
0.232631
0.232003
0.231385
0.230757
0.230129
0.229507
0.228876
0.228253
0.227626
0.227006
0.226375
0.225746
0.225123
0.224497
0.223866
0.223238
0.222607
0.22198
0.221347
0.220713
0.220081
0.219451
0.218818
0.218186
0.217542
0.21691
0.216269
0.215632
0.214992
0.214354
0.213709
0.213064
0.212415
0.211772
0.21112
0.210478
0.209831
0.209186
0.208541
0.207891
0.207238
0.206591
0.205941
0.205289
0.204637
0.203989
0.203336
0.202677
0.202017
0.201362
0.200705
0.200056
0.199404
0.198742
0.19808
0.197409
0.196742
0.196082
0.195419
0.194746
0.194079
0.193409
0.192745
0.192074
0.191401
0.19073
0.190055
0.189383
0.188707
0.188035
0.187358
0.186678
0.186004
0.185327
0.184649
0.183973
0.183296
0.182606
0.181926
0.181236
0.180561
0.179867
0.179175
0.178493
0.177803
0.177106
0.176416
0.175718
0.175012
0.174311
0.173609
0.17292
0.172221
0.171521
0.170811
0.170105
0.169406
0.168699
0.167997
0.167282
0.166571
0.165849
0.165136
0.164419
0.163707
0.162985
0.162268
0.161545
0.160822
0.160087
0.159364
0.158631
0.157908
0.157166
0.156433
0.155698
0.15496
0.154214
0.153472
0.152725
0.151969
0.151222
0.150469
0.14972
0.148966
0.148205
0.147452
0.146684
0.145921
0.14515
0.144379
0.143611
0.142835
0.14205
0.141271
0.140481
0.1397
0.138907
0.138121
0.137326
0.136528
0.135722
0.134913
0.134101
0.133284
0.132469
0.131656
0.130843
0.130012
0.129189
0.128349
0.127511
0.126666
0.125817
0.124973
0.124119
0.123263
0.1224
0.121529
0.120666
0.119786
0.118899
0.118015
0.11712
0.116229
0.115329
0.114429
0.113523
0.112608
0.111683
0.11077
0.109843
0.108901
0.107958
0.107015
0.106072
0.105107
0.104159
0.103198
0.102227
0.101257
0.100279
0.0992925
0.0983025
0.097308
0.0963016
0.0953024
0.0943042
0.093292
0.0922807
0.0912591
0.0902357
0.0892154
0.0881794
0.087144
0.0861008
0.0850543
0.0840109
0.082958
0.0818988
0.0808271
0.0797635
0.0787036
0.0776394
0.0765695
0.0754971
0.074419
0.0733475
0.0722648
0.071186
0.0701045
0.0690263
0.0679524
0.0668687
0.0658014
0.0647259
0.0636506
0.0625847
0.0615071
0.0604376
0.0593729
0.0583091
0.0572478
0.0561858
0.0551201
0.0540599
0.0530053
0.0519607
0.0509333
0.0498977
0.0488657
0.0478451
0.0468367
0.0458444
0.0448467
0.0438572
0.0428846
0.0419115
0.0409408
0.0399855
0.0390285
0.0380868
0.0371499
0.0362252
0.0353115
0.0344096
0.0335215
0.0326452
0.0317815
0.0309247
0.0300737
0.0292447
0.0284204
0.027619
0.0268181
0.0260325
0.0252642
0.0245036
0.0237609
0.0230244
0.022304
0.0216002
0.0209052
0.0202245
0.0195588
0.0189044
0.0182706
0.0176483
0.0170423
0.0164408
0.0158646
0.0152936
0.0147366
0.0141906
0.0136551
0.0131416
0.012631
0.0121444
0.0116622
0.0111953
0.0107387
0.0102983
0.00986565
0.00945321
0.00904763
0.00865062
0.00826912
0.00789342
0.00752872
0.00718047
0.00684639
0.0065237
0.00621087
0.00590735
0.00561851
0.0053389
0.00506607
0.0048021
0.00454871
0.00430483
0.00407322
0.00384601
0.00362791
0.00342031
0.00322511
0.00303451
0.00285249
0.00267629
0.00251176
0.00235418
0.00220305
0.00205825
0.00192175
0.00179292
0.00167114
0.00155283
0.00144158
0.00133855
0.0012374
0.00114426
0.00105712
0.000974438
0.000896003
0.000824982
0.00075606
0.00069349
0.000632665
0.000576015
0.000525133
0.000478275
0.00043301
0.000392503
0.000352374
0.000317813
0.000286818
0.000256785
0.000230522
0.000205322
0.000183183
0.000162866
0.000145079
0.000129291
0.00011454
0.000101383
8.92385e-05
7.91685e-05
6.95792e-05
6.07237e-05
5.31079e-05
4.615e-05
3.94198e-05
3.32968e-05
2.83883e-05
2.40871e-05
2.04436e-05
1.74581e-05
1.49279e-05
1.31821e-05
1.14616e-05
9.99411e-06
8.02059e-06
6.83141e-06
5.74345e-06
4.9591e-06
4.17475e-06
3.44101e-06
2.96028e-06
2.42895e-06
2.07473e-06
1.6446e-06
1.31568e-06
1.13857e-06
8.60252e-07
7.33744e-07
6.07237e-07
4.80729e-07
4.04825e-07
3.2892e-07
2.78317e-07
2.53015e-07
2.53015e-07
2.02412e-07
1.77111e-07
1.51809e-07
1.51809e-07
1.51809e-07
1.51809e-07
1.26508e-07
1.26508e-07
1.26508e-07
1.26508e-07
7.59046e-08
7.59046e-08
7.59046e-08
5.06031e-08
5.06031e-08
2.53015e-08
2.53015e-08
2.53015e-08
2.53015e-08
2.53015e-08
2.53015e-08
2.53015e-08
2.53015e-08
2.53015e-08
2.53015e-08
2.53015e-08
2.53015e-08
2.53015e-08
2.53015e-08
2.53015e-08
2.53015e-08
2.53015e-08
2.53015e-08
2.53015e-08
0
0
0
0
0
0
0
0
0
0
0
0
0
0
0
0
0
0
0
0
0
0
0
0
0
0
0
0
0
0
0
0
0
0
0
0
0
0
0
0
0
0
0
0
0
0
0
0
0
0
0
0
0
0
0
0
0
0
0
0
0
0
0
0
0
0
0
0
0
0
0
0
0
0
0
0
0
0
0
0
0
0
0
0
0
0
0
0
0
0
0
0
0
0
0
0
0
0
0
0
0
0
0
0
0
0
0
0
0
0
0
0
0
0
0
0
0
0
0
0
0
0
0
0
0
0
0
0
0
0
0
0
0
0
0
0
0
0
0
0
0
0
0
0
0
0
0
0
0
0
0
0
0
0
0
0
0
0
0
0
0
0
0
0
0
0
0
0
0
0
0
0
0
0
0
0
0
0
0
0
0
0
0
0
0
0
0
0
0
0
0
0
0
0
0
0
0
0
0
0
0
0
0
0
0
0
0
0
0
0
0
0
0
0
0
0
0
0
0
0
0
0
0
0
0
0
0
0
0
0
0
0
0
0
0
0
0
0
0
0
0
0
0
0
0
0
0
0
0
0
0
0
0
0
0
0
0
0
0
0
0
0
0
0
0
0
0
0
0
0
0
0
0
0
0
0
0
0
0
0
0
0
0
0
0
0
0
0
0
0
0
0
0
0
0
0
0
0
0
0
0
0
0
0
0
0
0
0
0
0
0
0
0
0
0
0
0
0
0
0
0
0
0
0
0
0
0
0
0
0
0
0
0
0
0
0
0
0
0
0
0
0
0
0
0
0
0
0
0
0
0
0
0
0
0
0
0
0
0
0
0
0
0
0
0
0
0
0
0
0
0
0
0
0
0
0
0
0
0
0
0
0
0
0
0
0
0
0
0
0
0
0
0
0
0
0
0
0
0
0
0
0
0
0
0
0
0
0
0
0
0
0
0
0
0
0
0
0
0
0
0
0
0
0
0
0
0
0
0
0
0
0
0
0
0
0
0
0
0
0
0
0
0
0
0
0
0
0
0
0
0
0
0
0
0
0
0
0
0
0
0
0
0
0
0
0
0
0
0
0
0
0
0
0
0
0
0
0
0
0
0
0
0
0
0
0
0
0
0
0
0
0
0
0
0
0
0
0
0
0
0
0
0
0
0
0
0
0
0
0
0
0
0
0
0
0
0
0
0
0
0
0
0
0
0
0
0
0
0
0
0
0
0
0
0
0
0
0
0
0
0
0
0
0
0
0
0
0
0
0
0
0
0
0
0
0
0
0
0
0
0
0
0
0
0
0
0
0
0
0
0
0
0
0
0
0
0
0
0
0
0
0
0
0
0
0
0
0
0
0
0
0
0
0
0
0
0
0
0
0
0
0
0
0
0
0
0
0
0
0
0
0
0
0
0
0
0
0
0
0
0
0
0
0
0
0
0
0
0
0
0
0
0
0
0
0
0
0
0
0
0
0
0
0
0
0
0
0
0
0
0
0
0
0
0
0
0
0
0
0
0
0
0
0
0
0
0
0
0
0
0
0
0
0
0
0
0
0
0
0
0
0
0
0
0
0
0
0
0
0
0
0
0
0
0
0
0
0
0
0
0
0
0
0
0
0
0
0
0
0
0
0
0
0
0
0
0
0
0
0
0
0
0
0
0
0
0
0
0
0
0
0
0
0
0
0
0
0
0
0
0
0
0
0
0
0
0
0
0
0
0
0
0
0
0
0
0
0
0
0
0
0
0
0
0
0
0
0
0
0
0
0
0
0
0
0
0
0
0
0
0
0
0
0
0
0
0
0
0
0
0
0
0
0
0
0
0
0
0
0
0
0
0
0
0
0
0
0
0
0
0
0
0
0
0
0
0
0
0
0
0
0
0
0
0
0
0
0
0
0
0
0
0
0
0
0
0
0
0
0
0
0
0
0
0
0
0
0
0
0
0
0
0
0
0
0
0
0
0
0
0
0
0
0
0
0
0
0
0
0
0
0
0
0
0
0
0
0
0
0
0
0
0
0
0
0
0
0
0
0
0
0
0
0
0
0
0
0
0
0
0
0
0
0
0
0
0
0
0
0
0
0
0
0
0
0
0
0
0
0
0
0
0
0
0
0
0
0
0
0
0
0
0
0
0
0
0
0
0
0
0
0
0
0
0
0
0
0
0
0
0
0
0
0
0
0
0
0
0
0
0
0
0
0
0
0
0
0
0
0
0
0
0
0
0
0
0
0
0
0
0
0
0
0
0
0
0
0
0
0
0
0
0
0
0
0
0
0
0
0
0
0
0
0
0
0
0
0
0
0
0
0
0
0
0
0
0
0
0
0
0
0
0
0
0
0
0
0
0
0
0
0
0
0
0
0
0
0
0
0
0
0
0
0
0
0
0
0
0
0
0
0
0
0
0
0
0
0
0
0
0
0
0
0
0
0
0
0
0
0
0
0
0
0
0
0
0
0
0
0
0
0
0
0
0
0
0
0
0
0
0
0
0
0
0
0
0
0
0
0
0
0
0
0
0
0
0
0
0
0
0
0
0
0
0
0
0
0
0
0
0
0
0
0
0
0
0
0
0
0
0
0
0
0
0
0
0
0
0
0
0
0
0
0
0
0
0
0
0
0
0
0
0
0
0
0
0
0
0
0
0
0
0
0
0
0
0
0
0
0
0
0
0
0
0
0
0
0
0
0
0
0
0
0
0
0
0
0
0
0
0
0
0
0
0
0
0
0
0
0
0
0
0
0
0
0
0
0
0
0
0
0
0
0
0
0
0
0
0
0
0
0
0
0
0
0
0
0
0
0
0
0
0
0
0
0
0
0
0
0
0
0
0
0
0
0
0
0
0
0
0
0
0
0
0
0
0
0
0
0
0
0
0
0
0
0
0
0
0
0
0
0
0
0
0
0
0
0
0
0
0
0
0
0
0
0
0
0
0
0
0
0
0
0
0
0
0
0
0
0
0
0
0
0
0
0
0
0
0
0
0
0
0
0
0
0
0
0
0
0
0
0
0
0
0
0
0
0
0
0
0
0
0
0
0
0
0
0
0
0
0
0
0
0
0
0
0
0
0
0
0
0
0
0
0
0
0
0
0
0
0
0
0
0
0
0
0
0
0
0
0
0
0
0
0
0
0
0
0
0
0
0
0
0
0
0
0
0
0
0
0
0
0
0
0
0
0
0
0
0
0
0
0
0
0
0
0
0
0
0
0
0
0
0
0
0
0
0
0
0
0
0
0
0
0
0
0
0
0
0
0
0
0
0
0
0
0
0
0
0
0
0
0
0
0
0
0
0
0
0
0
0
0
0
0
0
0
0
0
0
0
0
0
0
0
0
0
0
0
0
0
0
0
0
0
0
0
0
0
0
0
0
0
0
0
0
0
0
0
0
0
0
0
0
0
0
0
0
0
0
0
0
0
0
0
0
0
0
0
0
0
0
0
0
0
0
0
0
0
0
0
0
0
0
0
0
0
0
0
0
0
0
0
0
0
0
0
0
0
0
0
0
0
0
0
0
0
0
0
0
0
0
0
0
0
0
0
0
0
0
0
0
0
0
0
0
0
0
0
0
0
0
0
0
0
0
0
0
0
0
0
0
0
0
0
0
0
0
0
0
0
0
0
0
0
0
0
0
0
0
0
0
0
0
0
0
0
0
0
0
0
0
0
0
0
0
0
0
0
0
0
0
0
0
0
0
0
0
0
0
0
0
0
0
0
0
0
0
0
0
0
0
0
0
0
0
0
0
0
0
0
0
0
0
0
0
0
0
0
0
0
0
0
0
0
0
0
0
0
0
0
0
0
0
0
0
0
0
0
0
0
0
0
0
0
0
0
0
0
0
0
0
0
0
0
0
0
0
0
0
0
0
0
0
0
0
0
0
0
0
0
0
0
0
0
0
0
0
0
0
0
0
0
0
0
0
0
0
0
0
0
0
0
0
0
0
0
0
0
0
0
0
0
0
0
0
0
0
0
0
0
0
0
0
0
0
0
0
0
0
0
0
0
0
0
0
0
0
0
0
0
0
0
0
0
0
0
0
0
0
0
0
0
0
0
0
0
0
0
0
0
0
0
0
0
0
0
0
0
0
0
0
0
0
0
0
0
0
0
0
0
0
0
0
0
0
0
0
0
0
0
0
0
0
0
0
0
0
0
0
0
0
0
0
0
0
0
0
0
0
0
0
0
0
0
0
0
0
0
0
0
0
0
0
0
0
0
0
0
0
0
0
0
0
0
0
0
0
0
0
0
0
0
0
0
0
0
0
0
0
0
0
0
0
0
0
0
0
0
0
0
0
0
0
0
0
0
0
0
0
0
0
0
0
0
0
0
0
0
0
0
0
0
0
0
0
0
0
0
0
0
0
0
0
0
0
0
0
0
0
0
0
0
0
0
0
0
0
0
0
0
0
0
0
0
0
0
0
0
0
0
0
0
0
0
0
0
0
0
0
0
0
0
0
0
0
0
0
0
0
0
0
0
0
0
0
0
0
0
0
0
0
0
0
0
0
0
0
0
0
0
0
0
0
0
0
0
0
0
0
0
0
0
0
0
0
0
0
0
0
0
0
0
0
0
0
0
0
0
0
0
0
0
0
0
0
0
0
0
0
0
0
0
0
0
0
0
0
0
0
0
0
0
0
0
0
0
0
0
0
0
0
0
0
0
0
0
0
0
0
0
0
0
0
0
0
0
0
0
0
0
0
0
0
0
0
0
0
0
0
0
0
0
0
0
0
0
0
0
0
0
0
0
0
0
0
0
0
0
0
0
0
0
0
0
0
0
0
0
0
0
0
0
0
0
0
0
0
0
0
0
0
0
0
0
0
0
0
0
0
0
0
0
0
0
0
0
0
0
0
0
0
0
0
0
0
0
0
0
0
0
0
0
0
0
0
0
0
0
0
0
0
0
0
0
0
0
0
0
0
0
0
0
0
0
0
0
0
0
0
0
0
0
0
0
0
0
0
0
0
0
0
0
0
0
0
0
0
0
0
0
0
0
0
0
0
0
0
0
0
0
0
0
0
0
0
0
0
0
0
0
0
0
0
0
0
0
0
0
0
0
0
0
0
0
0
0
0
0
0
0
0
0
0
0
0
0
0
0
0
0
0
0
0
0
0
0
0
0
0
0
0
0
0
0
0
0
0
0
0
0
0
0
0
0
0
0
0
0
0
0
0
0
0
0
0
0
0
0
0
0
0
0
0
0
0
0
0
0
0
0
0
0
0
0
0
0
0
0
0
0
0
0
0
0
0
0
0
0
0
0
0
0
0
0
0
0
0
0
0
0
0
0
0
0
0
0
0
0
0
0
0
0
0
0
0
0
0
0
0
0
0
0
0
0
0
0
0
0
0
0
0
0
0
0
0
0
0
0
0
0
0
0
0
0
0
0
0
0
0
0
0
0
0
0
0
0
0
0
0
0
0
0
0
0
0
0
0
0
0
0
0
0
0
0
0
0
0
0
0
0
0
0
0
0
0
0
0
0
0
0
0
0
0
0
0
0
0
0
0
0
0
0
0
0
0
0
0
0
0
0
0
0
0
0
0
0
0
0
0
0
0
0
0
0
0
0
0
0
0
0
0
0
0
0
0
0
0
0
0
0
0
0
0
0
0
0
0
0
0
0
0
0
0
0
0
0
0
0
0
0
0
0
0
0
0
0
0
0
0
0
0
0
0
0
0
0
0
0
0
0
0
0
0
0
0
0
0
0
0
0
0
0
0
0
0
0
0
0
0
0
0
0
0
0
0
0
0
0
0
0
0
0
0
0
0
0
0
0
0
0
0
0
0
0
0
0
0
0
0
0
0
0
0
0
0
0
0
0
0
0
0
0
0
0
0
0
0
0
0
0
0
0
0
0
0
0
0
0
0
0
0
0
0
0
0
0
0
0
0
0
0
0
0
0
0
0
0
0
0
0
0
0
0
0
0
0
0
0
0
0
0
0
0
0
0
0
0
0
0
0
0
0
0
0
0
0
0
0
0
0
0
0
0
0
0
0
0
0
0
0
0
0
0
0
0
0
0
0
0
0
0
0
0
0
0
0
0
0
0
0
0
0
0
0
0
0
0
0
0
0
0
0
0
0
0
0
0
0
0
0
0
0
0
0
0
0
0
0
0
0
0
0
0
0
0
0
0
0
0
0
0
0
0
0
0
0
0
0
0
0
0
0
0
0
0
0
0
0
0
0
0
0
0
0
0
0
0
0
0
0
0
0
0
0
0
0
0
0
0
0
0
0
0
0
0
0
0
0
0
0
0
0
0
0
0
0
0
0
0
0
0
0
0
0
0
0
0
0
0
0
0
0
0
0
0
0
0
0
0
0
0
0
0
0
0
0
0
0
0
0
0
0
0
0
0
0
0
0
0
0
0
0
0
0
0
0
0
0
0
0
0
0
0
0
0
0
0
0
0
0
0
0
0
0
0
0
0
0
0
0
0
0
0
0
0
0
0
0
0
0
0
0
0
0
0
0
0
0
0
0
0
0
0
0
0
0
0
0
0
0
0
0
0
0
0
0
0
0
0
0
0
0
0
0
0
0
0
0
0
0
0
0
0
0
0
0
0
0
0
0
0
0
0
0
0
0
0
0
0
0
0
0
0
0
0
0
0
0
0
0
0
0
0
0
0
0
0
0
0
0
0
0
0
0
0
0
0
0
0
0
0
0
0
0
0
0
0
0
0
0
0
0
0
0
0
0
0
0
0
0
0
0
0
0
0
0
0
0
0
0
0
0
0
0
0
0
0
0
0
0
0
0
0
0
0
0
0
0
0
0
0
0
0
0
0
0
0
0
0
0
0
0
0
0
0
0
0
0
0
0
0
0
0
0
0
0
0
0
0
0
0
0
0
0
0
0
0
0
0
0
0
0
0
0
0
0
0
0
0
0
0
0
0
0
0
0
0
0
0
0
0
0
0
0
0
0
0
0
0
0
0
0
0
0
0
0
0
0
0
0
0
0
0
0
0
0
0
0
0
0
0
0
0
0
0
0
0
0
0
0
0
0
0
0
0
0
0
0
0
0
0
0
0
0
0
0
0
0
0
0
0
0
0
0
0
0
0
0
0
0
0
0
0
0
0
0
0
0
0
0
0
0
0
0
0
0
0
0
0
0
0
0
0
0
0
0
0
0
0
0
0
0
0
0
0
0
0
0
0
0
0
0
0
0
0
0
0
0
0
0
0
0
0
0
0
0
0
0
0
0
0
0
0
0
0
0
0
0
0
0
0
0
0
0
0
0
0
0
0
0
0
0
0
0
0
0
0
0
0
0
0
0
0
0
0
0
0
0
0
0
0
0
0
0
0
0
0
0
0
0
0
0
0
0
0
0
0
0
0
0
0
0
0
0
0
0
0
0
0
0
0
0
0
0
0
0
0
0
0
0
0
0
0
0
0
0
0
0
0
0
0
0
0
0
0
0
0
0
0
0
0
0
0
0
0
0
0
0
0
0
0
0
0
0
0
0
0
0
0
0
0
0
0
0
0
0
0
0
0
0
0
0
0
0
0
0
0
0
0
0
0
0
0
0
0
0
0
0
0
0
0
0
0
0
0
0
0
0
0
0
0
0
0
0
0
0
0
0
0
0
0
0
0
0
0
0
0
0
0
0
0
0
0
0
0
0
0
0
0
0
0
0
0
0
0
0
0
0
0
0
0
0
0
0
0
0
0
0
0
0
0
0
0
0
0
0
0
0
0
0
0
0
0
0
0
0
0
0
0
0
0
0
0
0
0
0
0
0
0
0
0
0
0
0
0
0
0
0
0
0
0
0
0
0
0
0
0
0
0
0
0
0
0
0
0
0
0
0
0
0
0
0
0
0
0
0
0
0
0
0
0
0
0
0
0
0
0
0
0
0
0
0
0
0
0
0
0
0
0
0
0
0
0
0
0
0
0
0
0
0
0
0
0
0
0
0
0
0
0
0
0
0
0
0
0
0
0
0
0
0
0
0
0
0
0
0
0
0
0
0
0
0
0
0
0
0
0
0
0
0
0
0
0
0
0
0
0
0
0
0
0
0
0
0
0
0
0
0
0
0
0
0
0
0
0
0
0
0
0
0
0
0
0
0
0
0
0
0
0
0
0
0
0
0
0
0
0
0
0
0
0
0
0
0
0
0
0
0
0
0
0
0
0
0
0
0
0
0
0
0
0
0
0
0
0
0
0
0
0
0
0
0
0
0
0
0
0
0
0
0
0
0
0
0
0
0
0
0
0
0
0
0
0
0
0
0
0
0
0
0
0
0
0
0
0
0
0
0
0
0
0
0
0
0
0
0
0
0
0
0
0
0
0
0
0
0
0
0
0
0
0
0
0
0
0
0
0
0
0
0
0
0
0
0
0
0
0
0
0
0
0
0
0
0
0
0
0
0
0
0
0
0
0
0
0
0
0
0
0
0
0
0
0
0
0
0
0
0
0
0
0
0
0
0
0
0
0
0
0
0
0
0
0
0
0
0
0
0
0
0
0
0
0
0
0
0
0
0
0
0
0
0
0
0
0
0
0
0
0
0
0
0
0
0
0
0
0
0
0
0
0
0
0
0
0
0
0
0
0
0
0
0
0
0
0
0
0
0
0
0
0
0
0
0
0
0
0
0
0
0
0
0
0
0
0
0
0
0
0
0
0
0
0
0
0
0
0
0
0
0
0
0
0
0
0
0
0
0
0
0
0
0
0
0
0
0
0
0
0
0
0
0
0
0
0
0
0
0
0
0
0
0
0
0
0
0
0
0
0
0
0
0
0
0
0
0
0
0
0
0
0
0
0
0
0
0
0
0
0
0
0
0
0
0
0
0
0
0
0
0
0
0
0
0
0
0
0
0
0
0
0
0
0
0
0
0
0
0
0
0
0
0
0
0
0
0
0
0
0
0
0
0
0
0
0
0
0
0
0
0
0
0
0
0
0
0
0
0
0
0
0
0
0
0
0
0
0
0
0
0
0
0
0
0
0
0
0
0
0
0
0
0
0
0
0
0
0
0
0
0
0
0
0
0
0
0
0
0
0
0
0
0
0
0
0
0
0
0
0
0
0
0
0
0
0
0
0
0
0
0
0
0
0
0
0
0
0
0
0
0
0
0
0
0
0
0
0
0
0
0
0
0
0
0
0
0
0
0
0
0
0
0
0
0
0
0
0
0
0
0
0
0
0
0
0
0
0
0
0
0
0
0
0
0
0
0
0
0
0
0
0
0
0
0
0
0
0
0
0
0
0
0
0
0
0
0
0
0
0
0
0
0
0
0
0
0
0
0
0
0
0
0
0
0
0
0
0
0
0
0
0
0
0
0
0
0
0
0
0
0
0
0
0
0
0
0
0
0
0
0
0
0
0
0
0
0
0
0
0
0
0
0
0
0
0
0
0
0
0
0
0
0
0
0
0
0
0
0
0
0
0
0
0
0
0
0
0
0
0
0
0
0
0
0
0
0
0
0
0
0
0
0
0
0
0
0
0
0
0
0
0
0
0
0
0
0
0
0
0
0
0
0
0
0
0
0
0
0
0
0
0
0
0
0
0
0
0
0
0
0
0
0
0
0
0
0
0
0
0
0
0
0
0
0
0
0
0
0
0
0
0
0
0
0
0
0
0
0
0
0
0
0
0
0
0
0
0
0
0
0
0
0
0
0
0
0
0
0
0
0
0
0
0
0
0
0
0
0
0
0
0
0
0
0
0
0
0
0
0
0
0
0
0
0
0
0
0
0
0
0
0
0
0
0
0
0
0
0
0
0
0
0
0
0
0
0
0
0
0
0
0
0
0
0
0
0
0
0
0
0
0
0
0
0
0
0
0
0
0
0
0
0
0
0
0
0
0
0
0
0
0
0
0
0
0
0
0
0
0
0
0
0
0
0
0
0
0
0
0
0
0
0
0
0
0
0
0
0
0
0
0
0
0
0
0
0
0
0
0
0
0
0
0
0
0
0
0
0
0
0
0
0
0
0
0
0
0
0
0
0
0
0
0
0
0
0
0
0
0
0
0
0
0
0
0
0
0
0
0
0
0
0
0
0
0
0
0
0
0
0
0
0
0
0
0
0
0
0
0
0
0
0
0
0
0
0
0
0
0
0
0
0
0
0
0
0
0
0
0
0
0
0
0
0
0
0
0
0
0
0
0
0
0
0
0
0
0
0
0
0
0
0
0
0
0
0
0
0
0
0
0
0
0
0
0
0
0
0
0
0
0
0
0
0
0
0
0
0
0
0
0
0
0
0
0
0
0
0
0
0
0
0
0
0
0
0
0
0
0
0
0
0
0
0
0
0
0
0
0
0
0
0
0
0
0
0
0
0
0
0
0
0
0
0
0
0
0
0
0
0
0
0
0
0
0
0
0
0
0
0
0
0
0
0
0
0
0
0
0
0
0
0
0
0
0
0
0
0
0
0
0
0
0
0
0
0
0
0
0
0
0
0
0
0
0
0
0
0
0
0
0
0
0
0
0
0
0
0
0
0
0
0
0
0
0
0
0
0
0
0
0
0
0
0
0
0
0
0
0
0
0
0
0
0
0
0
0
0
0
0
0
0
0
0
0
0
0
0
0
0
0
0
0
0
0
0
0
0
0
0
0
0
0
0
0
0
0
0
0
0
0
0
0
0
0
0
0
0
0
0
0
0
0
0
0
0
0
0
0
0
0
0
0
0
0
0
0
0
0
0
0
0
0
0
0
0
0
0
0
0
0
0
0
0
0
0
0
0
0
0
0
0
0
0
0
0
0
0
0
0
0
0
0
0
0
0
0
0
0
0
0
0
0
0
0
0
0
0
0
0
0
0
0
0
0
0
0
0
0
0
0
0
0
0
0
0
0
0
0
0
0
0
0
0
0
0
0
0
0
0
0
0
0
0
0
0
0
0
0
0
0
0
0
0
0
0
0
0
0
0
0
0
0
0
0
0
0
0
0
0
0
0
0
0
0
0
0
0
0
0
0
0
0
0
0
0
0
0
0
0
0
0
0
0
0
0
0
0
0
0
0
0
0
0
0
0
0
0
0
0
0
0
0
0
0
0
0
0
0
0
0
0
0
0
0
0
0
0
0
0
0
0
0
0
0
0
0
0
0
0
0
0
0
0
0
0
0
0
0
0
0
0
0
0
0
0
0
0
0
0
0
0
0
0
0
0
0
0
0
0
0
0
0
0
0
0
0
0
0
0
0
0
0
0
0
0
0
0
0
0
0
0
0
0
0
0
0
0
0
0
0
0
0
0
0
0
0
0
0
0
0
0
0
0
0
0
0
0
0
0
0
0
0
0
0
0
0
0
0
0
0
0
0
0
0
0
0
0
0
0
0
0
0
0
0
0
0
0
0
0
0
0
0
0
0
0
0
0
0
0
0
0
0
0
0
0
0
0
0
0
0
0
0
0
0
0
0
0
0
0
0
0
0
0
0
0
0
0
0
0
0
0
0
0
0
0
0
0
0
0
0
0
0
0
0
0
0
0
0
0
0
0
0
0
0
0
0
0
0
0
0
0
0
0
0
0
0
0
0
0
0
0
0
0
0
0
0
0
0
0
0
0
0
0
0
0
0
0
0
0
0
0
0
0
0
0
0
0
0
0
0
0
0
0
0
0
0
0
0
0
0
0
0
0
0
0
0
0
0
0
0
0
0
0
0
0
0
0
0
0
0
0
0
0
0
0
0
0
0
0
0
0
0
0
0
0
0
0
0
0
0
0
0
0
0
0
0
0
0
0
0
0
0
0
0
0
0
0
0
0
0
0
0
0
0
0
0
0
0
0
0
0
0
0
0
0
0
0
0
0
0
0
0
0
0
0
0
0
0
0
0
0
0
0
0
0
0
0
0
0
0
0
0
0
0
0
0
0
0
0
0
0
0
0
0
0
0
0
0
0
0
0
0
0
0
0
0
0
0
0
0
0
0
0
0
0
0
0
0
0
0
0
0
0
0
0
0
0
0
0
0
0
0
0
0
0
0
0
0
0
0
0
0
0
0
0
0
0
0
0
0
0
0
0
0
0
0
0
0
0
0
0
0
0
0
0
0
0
0
0
0
0
0
0
0
0
0
0
0
0
0
0
0
0
0
0
0
0
0
0
0
0
0
0
0
0
0
0
0
0
0
0
0
0
0
0
0
0
0
0
0
0
0
0
0
0
0
0
0
0
0
0
0
0
0
0
0
0
0
0
0
0
0
0
0
0
0
0
0
0
0
0
0
0
0
0
0
0
0
0
0
0
0
0
0
0
0
0
0
0
0
0
0
0
0
0
0
0
0
0
0
0
0
0
0
0
0
0
0
0
0
0
0
0
0
0
0
0
0
0
0
0
0
0
0
0
0
0
0
0
0
0
0
0
0
0
0
0
0
0
0
0
0
0
0
0
0
0
0
0
0
0
0
0
0
0
0
0
0
0
0
0
0
0
0
0
0
0
0
0
0
0
0
0
0
0
0
0
0
0
0
0
0
0
0
0
0
0
0
0
0
0
0
0
0
0
0
0
0
0
0
0
0
0
0
0
0
0
0
0
0
0
0
0
0
0
0
0
0
0
0
0
0
0
0
0
0
0
0
0
0
0
0
0
0
0
0
0
0
0
0
0
0
0
0
0
0
0
0
0
0
0
0
0
0
0
0
0
0
0
0
0
0
0
0
0
0
0
0
0
0
0
0
0
0
0
0
0
0
0
0
0
0
0
0
0
0
0
0
0
0
0
0
0
0
0
0
0
0
0
0
0
0
0
0
0
0
0
0
0
0
0
0
0
0
0
0
0
0
0
0
0
0
0
0
0
0
0
0
0
0
0
0
0
0
0
0
0
0
0
0
0
0
0
0
0
0
0
0
0
0
0
0
0
0
0
0
0
0
0
0
0
0
0
0
0
0
0
0
0
0
0
0
0
0
0
0
0
0
0
0
0
0
0
0
0
0
0
0
0
0
0
0
0
0
0
0
0
0
0
0
0
0
0
0
0
0
0
0
0
0
0
0
0
0
0
0
0
0
0
0
0
0
0
0
0
0
0
0
0
0
0
0
0
0
0
0
0
0
0
0
0
0
0
0
0
0
0
0
0
0
0
0
0
0
0
0
0
0
0
0
0
0
0
0
0
0
0
0
0
0
0
0
0
0
0
0
0
0
0
0
0
0
0
0
0
0
0
0
0
0
0
0
0
0
0
0
0
0
0
0
0
0
0
0
0
0
0
0
0
0
0
0
0
0
0
0
0
0
0
0
0
0
0
0
0
0
0
0
0
0
0
0
0
0
0
0
0
0
0
0
0
0
0
0
0
0
0
0
0
0
0
0
0
0
0
0
0
0
0
0
0
0
0
0
0
0
0
0
0
0
0
0
0
0
0
0
0
0
0
0
0
0
0
0
0
0
0
0
0
0
0
0
0
0
0
0
0
0
0
0
0
0
0
0
0
0
0
0
0
0
0
0
0
0
0
0
0
0
0
0
0
0
0
0
0
0
0
0
0
0
0
0
0
0
0
0
0
0
0
0
0
0
0
0
0
0
0
0
0
0
0
0
0
0
0
0
0
0
0
0
0
0
0
0
0
0
0
0
0
0
0
0
0
0
0
0
0
0
0
0
0
0
0
0
0
0
0
0
0
0
0
0
0
0
0
0
0
0
0
0
0
0
0
0
0
0
0
0
0
0
0
0
0
0
0
0
0
0
0
0
0
0
0
0
0
0
0
0
0
0
0
0
0
0
0
0
0
0
0
0
0
0
0
0
0
0
0
0
0
0
0
0
0
0
0
0
0
0
0
0
0
0
0
0
0
0
0
0
0
0
0
0
0
0
0
0
0
0
0
0
0
0
0
0
0
0
0
0
0
0
0
0
0
0
0
0
0
0
0
0
0
0
0
0
0
0
0
0
0
0
0
0
0
0
0
0
0
0
0
0
0
0
0
0
0
0
0
0
0
0
0
0
0
0
0
0
0
0
0
0
0
0
0
0
0
0
0
0
0
0
0
0
0
0
0
0
0
0
0
0
0
0
0
0
0
0
0
0
0
0
0
0
0
0
0
0
0
0
0
0
0
0
0
0
0
0
0
0
0
0
0
0
0
0
0
0
0
0
0
0
0
0
0
0
0
0
0
0
0
0
0
0
0
0
0
0
0
0
0
0
0
0
0
0
0
0
0
0
0
0
0
0
0
0
0
0
0
0
0
0
0
0
0
0
0
0
0
0
0
0
0
0
0
0
0
0
0
0
0
0
0
0
0
0
0
0
0
0
0
0
0
0
0
0
0
0
0
0
0
0
0
0
0
0
0
0
0
0
0
0
0
0
0
0
0
0
0
0
0
0
0
0
0
0
0
0
0
0
0
0
0
0
0
0
0
0
0
0
0
0
0
0
0
0
0
0
0
0
0
0
0
0
0
0
0
0
0
0
0
0
0
0
0
0
0
0
0
0
0
0
0
0
0
0
0
0
0
0
0
0
0
0
0
0
0
0
0
0
0
0
0
0
0
0
0
0
0
0
0
0
0
0
0
0
0
0
0
0
0
0
0
0
0
0
0
0
0
0
0
0
0
0
0
0
0
0
0
0
0
0
0
0
0
0
0
0
0
0
0
0
0
0
0
0
0
0
0
0
0
0
0
0
0
0
0
0
0
0
0
0
0
0
0
0
0
0
0
0
0
0
0
0
0
0
0
0
0
0
0
0
0
0
0
0
0
0
0
0
0
0
0
0
0
0
0
0
0
0
0
0
0
0
0
0
0
0
0
0
0
0
0
0
0
0
0
0
0
0
0
0
0
0
0
0
0
0
0
0
0
0
0
0
0
0
0
0
0
0
0
0
0
0
0
0
0
0
0
0
0
0
0
0
0
0
0
0
0
0
0
0
0
0
0
0
0
0
0
0
0
0
0
0
0
0
0
0
0
0
0
0
0
0
0
0
0
0
0
0
0
0
0
0
0
0
0
0
0
0
0
0
0
0
0
0
0
0
0
0
0
0
0
0
0
0
0
0
0
0
0
0
0
0
0
0
0
0
0
0
0
0
0
0
0
0
0
0
0
0
0
0
0
0
0
0
0
0
0
0
0
0
0
0
0
0
0
0
0
0
0
0
0
0
0
0
0
0
0
0
0
0
0
0
0
0
0
0
0
0
0
0
0
0
0
0
0
0
0
0
0
0
0
0
0
0
0
0
0
0
0
0
0
0
0
0
0
0
0
0
0
0
0
0
0
0
0
0
0
0
0
0
0
0
0
0
0
0
0
0
0
0
0
0
0
0
0
0
0
0
0
0
0
0
0
0
0
0
0
0
0
0
0
0
0
0
0
0
0
0
0
0
0
0
0
0
0
0
0
0
0
0
0
0
0
0
0
0
0
0
0
0
0
0
0
0
0
0
0
0
0
0
0
0
0
0
0
0
0
0
0
0
0
0
0
0
0
0
0
0
0
0
0
0
0
0
0
0
0
0
0
0
0
0
0
0
0
0
0
0
0
0
0
0
0
0
0
0
0
0
0
0
0
0
0
0
0
0
0
0
0
0
0
0
0
0
0
0
0
0
0
0
0
0
0
0
0
0
0
0
0
0
0
0
0
0
0
0
0
0
0
0
0
0
0
0
0
0
0
0
0
0
0
0
0
0
0
0
0
0
0
0
0
0
0
0
0
0
0
0
0
0
0
0
0
0
0
0
0
0
0
0
0
0
0
0
0
0
0
0
0
0
0
0
0
0
0
0
0
0
0
0
0
0
0
0
0
0
0
0
0
0
0
0
0
0
0
0
0
0
0
0
0
0
0
0
0
0
0
0
0
0
0
0
0
0
0
0
0
0
0
0
0
0
0
0
0
0
0
0
0
0
0
0
0
0
0
0
0
0
0
0
0
0
0
0
0
0
0
0
0
0
0
0
0
0
0
0
0
0
0
0
0
0
0
0
0
0
0
0
0
0
0
0
0
0
0
0
0
0
0
0
0
0
0
0
0
0
0
0
0
0
0
0
0
0
0
0
0
0
0
0
0
0
0
0
0
0
0
0
0
0
0
0
0
0
0
0
0
0
0
0
0
0
0
0
0
0
0
0
0
0
0
0
0
0
0
0
0
0
0
0
0
0
0
0
0
0
0
0
0
0
0
0
0
0
0
0
0
0
0
0
0
0
0
0
0
0
0
0
0
0
0
0
0
0
0
0
0
0
0
0
0
0
0
0
0
0
0
0
0
0
0
0
0
0
0
0
0
0
0
0
0
0
0
0
0
0
0
0
0
0
0
0
0
0
0
0
0
0
0
0
0
0
0
0
0
0
0
0
0
0
0
0
0
0
0
0
0
0
0
0
0
0
0
0
0
0
0
0
0
0
0
0
0
0
0
0
0
0
0
0
0
0
0
0
0
0
0
0
0
0
0
0
0
0
0
0
0
0
0
0
0
0
0
0
0
0
0
0
0
0
0
0
0
0
0
0
0
0
0
0
0
0
0
0
0
0
0
0
0
0
0
0
0
0
0
0
0
0
0
0
0
0
0
0
0
0
0
0
0
0
0
0
0
0
0
0
0
0
0
0
0
0
0
0
0
0
0
0
0
0
0
0
0
0
0
0
0
0
0
0
0
0
0
0
0
0
0
0
0
0
0
0
0
0
0
0
0
0
0
0
0
0
0
0
0
0
0
0
0
0
0
0
0
0
0
0
0
0
0
0
0
0
0
0
0
0
0
0
0
0
0
0
0
0
0
0
0
0
0
0
0
0
0
0
0
0
0
0
0
0
0
0
0
0
0
0
0
0
0
0
0
0
0
0
0
0
0
0
0
0
0
0
0
0
0
0
0
0
0
0
0
0
0
0
0
0
0
0
0
0
0
0
0
0
0
0
0
0
0
0
0
0
0
0
0
0
0
0
0
0
0
0
0
0
0
0
0
0
0
0
0
0
0
0
0
0
0
0
0
0
0
0
0
0
0
0
0
0
0
0
0
0
0
0
0
0
0
0
0
0
0
0
0
0
0
0
0
0
0
0
0
0
0
0
0
0
0
0
0
0
0
0
0
0
0
0
0
0
0
0
0
0
0
0
0
0
0
0
0
0
0
0
0
0
0
0
0
0
0
0
0
0
0
0
0
0
0
0
0
0
0
0
0
0
0
0
0
0
0
0
0
0
0
0
0
0
0
0
0
0
0
0
0
0
0
0
0
0
0
0
0
0
0
0
0
0
0
0
0
0
0
0
0
0
0
0
0
0
0
0
0
0
0
0
0
0
0
0
0
0
0
0
0
0
0
0
0
0
0
0
0
0
0
0
0
0
0
0
0
0
0
0
0
0
0
0
0
0
0
0
0
0
0
0
0
0
0
0
0
0
0
0
0
0
0
0
0
0
0
0
0
0
0
0
0
0
0
0
0
0
0
0
0
0
0
0
0
0
0
0
0
0
0
0
0
0
0
0
0
0
0
0
0
0
0
0
0
0
0
0
0
0
0
0
0
0
0
0
0
0
0
0
0
0
0
0
0
0
0
0
0
0
0
0
0
0
0
0
0
0
0
0
0
0
0
0
0
0
0
0
0
0
0
0
0
0
0
0
0
0
0
0
0
0
0
0
0
0
0
0
0
0
0
0
0
0
0
0
0
0
0
0
0
0
0
0
0
0
0
0
0
0
0
0
0
0
0
0
0
0
0
0
0
0
0
0
0
0
0
0
0
0
0
0
0
0
0
0
0
0
0
0
0
0
0
0
0
0
0
0
0
0
0
0
0
0
0
0
0
0
0
0
0
0
0
0
0
0
0
0
0
0
0
0
0
0
0
0
0
0
0
0
0
0
0
0
0
0
0
0
0
0
0
0
0
0
0
0
0
0
0
0
0
0
0
0
0
0
0
0
0
0
0
0
0
0
0
0
0
0
0
0
0
0
0
0
0
0
0
0
0
0
0
0
0
0
0
0
0
0
0
0
0
0
0
0
0
0
0
0
0
0
0
0
0
0
0
0
0
0
0
0
0
0
0
0
0
0
0
0
0
0
0
0
0
0
0
0
0
0
0
0
0
0
0
0
0
0
0
0
0
0
0
0
0
0
0
0
0
0
0
0
0
0
0
0
0
0
0
0
0
0
0
0
0
0
0
0
0
0
0
0
0
0
0
0
0
0
0
0
0
0
0
0
0
0
0
0
0
0
0
0
0
0
0
0
0
0
0
0
0
0
0
0
0
0
0
0
0
0
0
0
0
0
0
0
0
0
0
0
0
0
0
0
0
0
0
0
0
0
0
0
0
0
0
0
0
0
0
0
0
0
0
0
0
0
0
0
0
0
0
0
0
0
0
0
0
0
0
0
0
0
0
0
0
0
0
0
0
0
0
0
0
0
0
0
0
0
0
0
0
0
0
0
0
0
0
0
0
0
0
0
0
0
0
0
0
0
0
0
0
0
0
0
0
0
0
0
0
0
0
0
0
0
0
0
0
0
0
0
0
0
0
0
0
0
0
0
0
0
0
0
0
0
0
0
0
0
0
0
0
0
0
0
0
0
0
0
0
0
0
0
0
0
0
0
0
0
0
0
0
0
0
0
0
0
0
0
0
0
0
0
0
0
0
0
0
0
0
0
0
0
0
0
0
0
0
0
0
0
0
0
0
0
0
0
0
0
0
0
0
0
0
0
0
0
0
0
0
0
0
0
0
0
0
0
0
0
0
0
0
0
0
0
0
0
0
0
0
0
0
0
0
0
0
0
0
0
0
0
0
0
0
0
0
0
0
0
0
0
0
0
0
0
0
0
0
0
0
0
0
0
0
0
0
0
0
0
0
0
0
0
0
0
0
0
0
0
0
0
0
0
0
0
0
0
0
0
0
0
0
0
0
0
0
0
0
0
0
0
0
0
0
0
0
0
0
0
0
0
0
0
0
0
0
0
0
0
0
0
0
0
0
0
0
0
0
0
0
0
0
0
0
0
0
0
0
0
0
0
0
0
0
0
0
0
0
0
0
0
0
0
0
0
0
0
0
0
0
0
0
0
0
0
0
0
0
0
0
0
0
0
0
0
0
0
0
0
0
0
0
0
0
0
0
0
0
0
0
0
0
0
0
0
0
0
0
0
0
0
0
0
0
0
0
0
0
0
0
0
0
0
0
0
0
0
0
0
0
0
0
0
0
0
0
0
0
0
0
0
0
0
0
0
0
0
0
0
0
0
0
0
0
0
0
0
0
0
0
0
0
0
0
0
0
0
0
0
0
0
0
0
0
0
0
0
0
0
0
0
0
0
0
0
0
0
0
0
0
0
0
0
0
0
0
0
0
0
0
0
0
0
0
0
0
0
0
0
0
0
0
0
0
0
0
0
0
0
0
0
0
0
0
0
0
0
0
0
0
0
0
0
0
0
0
0
0
0
0
0
0
0
0
0
0
0
0
0
0
0
0
0
0
0
0
0
0
0
0
0
0
0
0
0
0
0
0
0
0
0
0
0
0
0
0
0
0
0
0
0
0
0
0
0
0
0
0
0
0
0
0
0
0
0
0
0
0
0
0
0
0
0
0
0
0
0
0
0
0
0
0
0
0
0
0
0
0
0
0
0
0
0
0
0
0
0
0
0
0
0
0
0
0
0
0
0
0
0
0
0
0
0
0
0
0
0
0
0
0
0
0
0
0
0
0
0
0
0
0
0
0
0
0
0
0
0
0
0
0
0
0
0
0
0
0
0
0
0
0
0
0
0
0
0
0
0
0
0
0
0
0
0
0
0
0
0
0
0
0
0
0
0
0
0
0
0
0
0
0
0
0
0
0
0
0
0
0
0
0
0
0
0
0
0
0
0
0
0
0
0
0
0
0
0
0
0
0
0
0
0
0
0
0
0
0
0
0
0
0
0
0
0
0
0
0
0
0
0
0
0
0
0
0
0
0
0
0
0
0
0
0
0
0
0
0
0
0
0
0
0
0
0
0
0
0
0
0
0
0
0
0
0
0
0
0
0
0
0
0
0
0
0
0
0
0
0
0
0
0
0
0
0
0
0
0
0
0
0
0
0
0
0
0
0
0
0
0
0
0
0
0
0
0
0
0
0
0
0
0
0
0
0
0
0
0
0
0
0
0
0
0
0
0
0
0
0
0
0
0
0
0
0
0
0
0
0
0
0
0
0
0
0
0
0
0
0
0
0
0
0
0
0
0
0
0
0
0
0
0
0
0
0
0
0
0
0
0
0
0
0
0
0
0
0
0
0
0
0
0
0
0
0
0
0
0
0
0
0
0
0
0
0
0
0
0
0
0
0
0
0
0
0
0
0
0
0
0
0
0
0
0
0
0
0
0
0
0
0
0
0
0
0
0
0
0
0
0
0
0
0
0
0
0
0
0
0
0
0
0
0
0
0
0
0
0
0
0
0
0
0
0
0
0
0
0
0
0
0
0
0
0
0
0
0
0
0
0
0
0
0
0
0
0
0
0
0
0
0
0
0
0
0
0
0
0
0
0
0
0
0
0
0
0
0
0
0
0
0
0
0
0
0
0
0
0
0
0
0
0
0
0
0
0
0
0
0
0
0
0
0
0
0
0
0
0
0
0
0
0
0
0
0
0
0
0
0
0
0
0
0
0
0
0
0
0
0
0
0
0
0
0
0
0
0
0
0
0
0
0
0
0
0
0
0
0
0
0
0
0
0
0
0
0
0
0
0
0
0
0
0
0
0
0
0
0
0
0
0
0
0
0
0
0
0
0
0
0
0
0
0
0
0
0
0
0
0
0
0
0
0
0
0
0
0
0
0
0
0
0
0
0
0
0
0
0
0
0
0
0
0
0
0
0
0
0
0
0
0
0
0
0
0
0
0
0
0
0
0
0
0
0
0
0
0
0
0
0
0
0
0
0
0
0
0
0
0
0
0
0
0
0
0
0
0
0
0
0
0
0
0
0
0
0
0
0
0
0
0
0
0
0
0
0
0
0
0
0
0
0
0
0
0
0
0
0
0
0
0
0
0
0
0
0
0
0
0
0
0
0
0
0
0
0
0
0
0
0
0
0
0
0
0
0
0
0
0
0
0
0
0
0
0
0
0
0
0
0
0
0
0
0
0
0
0
0
0
0
0
0
0
0
0
0
0
0
0
0
0
0
0
0
0
0
0
0
0
0
0
0
0
0
0
0
0
0
0
0
0
0
0
0
0
0
0
0
0
0
0
0
0
0
0
0
0
0
0
0
0
0
0
0
0
0
0
0
0
0
0
0
0
0
0
0
0
0
0
0
0
0
0
0
0
0
0
0
0
0
0
0
0
0
0
0
0
0
0
0
0
0
0
0
0
0
0
0
0
0
0
0
0
0
0
0
0
0
0
0
0
0
0
0
0
0
0
0
0
0
0
0
0
0
0
0
0
0
0
0
0
0
0
0
0
0
0
0
0
0
0
0
0
0
0
0
0
0
0
0
0
0
0
0
0
0
0
0
0
0
0
0
0
0
0
0
0
0
0
0
0
0
0
0
0
0
0
0
0
0
0
0
0
0
0
0
0
0
0
0
0
0
0
0
0
0
0
0
0
0
0
0
0
0
0
0
0
0
0
0
0
0
0
0
0
0
0
0
0
0
0
0
0
0
0
0
0
0
0
0
0
0
0
0
0
0
0
0
0
0
0
0
0
0
0
0
0
0
0
0
0
0
0
0
0
0
0
0
0
0
0
0
0
0
0
0
0
0
0
0
0
0
0
0
0
0
0
0
0
0
0
0
0
0
0
0
0
0
0
0
0
0
0
0
0
0
0
0
0
0
0
0
0
0
0
0
0
0
0
0
0
0
0
0
0
0
0
0
0
0
0
0
0
0
0
0
0
0
0
0
0
0
0
0
0
0
0
0
0
0
0
0
0
0
0
0
0
0
0
0
0
0
0
0
0
0
0
0
0
0
0
0
0
0
0
0
0
0
0
0
0
0
0
0
0
0
0
0
0
0
0
0
0
0
0
0
0
0
0
0
0
0
0
0
0
0
0
0
0
0
0
0
0
0
0
0
0
0
0
0
0
0
0
0
0
0
0
0
0
0
0
0
0
0
0
0
0
0
0
0
0
0
0
0
0
0
0
0
0
0
0
0
0
0
0
0
0
0
0
0
0
0
0
0
0
0
0
0
0
0
0
0
0
0
0
0
0
0
0
0
0
0
0
0
0
0
0
0
0
0
0
0
0
0
0
0
0
0
0
0
0
0
0
0
0
0
0
0
0
0
0
0
0
0
0
0
0
0
0
0
0
0
0
0
0
0
0
0
0
0
0
0
0
0
0
0
0
0
0
0
0
0
0
0
0
0
0
0
0
0
0
0
0
0
0
0
0
0
0
0
0
0
0
0
0
0
0
0
0
0
0
0
0
0
0
0
0
0
0
0
0
0
0
0
0
0
0
0
0
0
0
0
0
0
0
0
0
0
0
0
0
0
0
0
0
0
0
0
0
0
0
0
0
0
0
0
0
0
0
0
0
0
0
0
0
0
0
0
0
