1
1
1
1
1
1
1
1
1
1
1
1
1
1
1
1
1
1
1
1
1
1
1
1
1
1
1
1
1
1
1
1
1
1
1
1
1
1
1
1
1
1
1
1
1
1
1
1
1
1
1
1
1
1
1
1
1
1
1
1
1
1
1
1
1
1
1
1
1
1
1
1
1
1
1
1
1
1
1
1
1
1
1
1
1
1
1
1
1
1
1
1
1
1
1
1
1
1
1
1
1
1
1
1
1
1
1
1
1
1
1
1
1
1
1
1
1
1
1
1
1
1
1
1
1
1
1
1
1
1
1
1
1
1
1
1
1
1
1
1
1
1
1
1
1
1
1
1
1
1
1
1
1
1
1
1
1
1
1
1
1
1
1
1
1
1
1
1
1
1
1
1
1
1
1
1
1
1
1
1
1
1
1
1
1
1
1
1
1
1
1
1
1
1
1
1
1
1
1
1
1
1
1
1
1
1
1
1
1
1
1
1
1
1
1
1
1
1
1
1
1
1
1
1
1
1
1
1
1
1
1
1
1
1
1
1
1
1
1
1
1
1
1
1
1
1
1
1
1
1
1
1
1
1
1
1
1
1
1
1
1
1
1
1
1
1
1
1
1
1
1
1
1
1
1
1
1
1
1
1
1
1
1
1
1
1
1
1
1
1
1
1
1
1
1
1
1
1
1
1
1
1
1
1
1
1
1
1
1
1
1
1
1
1
1
1
1
1
1
1
1
1
1
1
1
1
1
1
1
1
1
1
1
1
1
1
1
1
1
1
1
1
1
1
1
1
1
1
1
1
1
1
1
1
1
1
1
1
1
1
1
1
1
1
1
1
1
1
1
1
1
1
1
1
1
1
1
1
1
1
1
1
1
1
1
1
1
1
1
1
1
1
1
1
1
1
1
1
1
1
1
1
1
1
1
1
1
1
1
1
1
1
1
1
1
1
1
1
1
1
1
1
1
1
1
1
1
1
1
1
1
1
1
1
1
1
1
1
1
1
1
1
1
1
1
1
1
1
1
1
1
1
1
1
1
1
1
1
1
1
1
1
1
1
1
1
1
1
1
1
1
1
1
1
1
1
1
1
1
1
1
1
1
1
1
1
1
1
1
1
1
1
1
1
1
1
1
1
1
1
1
1
1
1
1
1
1
1
1
1
1
1
1
1
1
1
1
1
1
1
1
1
1
1
1
1
1
1
1
1
1
1
1
1
1
1
1
1
1
1
1
1
1
1
1
1
1
1
1
1
1
1
1
1
1
1
1
1
1
1
1
1
1
1
1
1
1
1
1
1
1
1
1
1
1
1
1
1
1
1
1
1
1
1
1
1
1
1
1
1
1
1
1
1
1
1
1
1
1
1
1
1
1
1
1
1
1
1
1
1
1
1
1
1
1
1
1
1
1
1
1
1
1
1
1
1
1
1
1
1
1
1
1
1
1
1
1
1
1
1
1
1
1
1
1
1
1
1
1
1
1
1
1
1
1
1
1
1
1
1
1
1
1
1
1
1
1
1
1
1
1
1
1
1
1
1
1
1
1
1
1
1
1
1
1
1
1
1
1
1
1
1
1
1
1
1
1
1
1
1
1
1
1
1
1
1
1
1
1
1
1
1
1
1
1
1
1
1
1
1
1
1
1
1
1
1
1
1
1
1
1
1
1
1
1
1
1
1
1
1
1
1
1
1
1
1
1
1
1
1
1
1
1
1
1
1
1
1
1
1
1
1
1
1
1
1
1
1
1
1
1
1
1
1
1
1
1
1
1
1
1
1
1
1
1
1
1
1
1
1
1
1
1
1
1
1
1
1
1
1
1
1
1
1
1
1
1
1
1
1
1
1
1
1
1
1
1
1
1
1
1
1
1
1
1
1
1
1
1
1
1
1
1
1
1
1
1
1
1
1
1
1
1
1
1
1
1
1
1
1
1
1
1
1
1
1
1
1
1
1
1
1
1
1
1
1
1
1
1
1
1
1
1
1
1
1
1
1
1
1
1
1
1
1
1
1
1
1
1
1
1
1
1
1
1
1
1
1
1
1
1
1
1
1
1
1
1
1
1
1
1
1
1
1
1
1
1
1
1
1
1
1
1
1
1
1
1
1
1
1
1
1
1
1
1
1
1
1
1
1
1
1
1
1
1
1
1
1
1
1
1
1
1
1
1
1
1
1
1
1
1
1
1
1
1
1
1
1
1
1
1
1
1
1
1
1
1
1
1
1
1
1
1
1
1
1
1
1
1
1
1
1
1
1
1
1
1
1
1
1
1
1
1
1
1
1
1
1
1
1
1
1
1
1
1
1
1
1
1
1
1
1
1
1
1
1
1
1
1
1
1
1
1
1
1
1
1
1
1
1
1
1
1
1
1
1
1
1
1
1
1
1
1
1
1
1
1
1
1
1
1
1
1
1
1
1
1
1
1
1
1
1
1
1
1
1
1
1
1
1
1
1
1
1
1
1
1
1
1
1
1
1
1
1
1
1
1
1
1
1
1
1
1
1
1
1
1
1
1
1
1
1
1
1
1
1
1
1
1
1
1
1
1
1
1
1
1
1
1
1
1
1
1
1
1
1
1
1
1
1
1
1
1
1
1
1
1
1
1
1
1
1
1
1
1
1
1
1
1
1
1
1
1
1
1
1
1
1
1
1
1
1
1
1
1
1
1
1
1
1
1
1
1
1
1
1
1
1
1
1
1
1
1
1
1
1
1
1
1
1
1
1
1
1
1
1
1
1
1
1
1
1
1
1
1
1
1
1
1
1
1
1
1
1
1
1
1
1
1
1
1
1
1
1
1
1
1
1
1
1
1
1
1
1
1
1
1
1
1
1
1
1
1
1
1
1
1
1
1
1
1
1
1
1
1
1
1
1
1
1
1
1
1
1
1
1
1
1
1
1
1
1
1
1
1
1
1
1
1
1
1
1
1
1
1
1
1
1
1
1
1
1
1
1
1
1
1
1
1
1
1
1
1
1
1
1
1
1
1
1
1
1
1
1
1
1
1
1
1
1
1
1
1
1
1
1
1
1
1
1
1
1
1
1
1
1
1
1
1
1
1
1
1
1
1
1
1
1
1
1
1
1
1
1
1
1
1
1
1
1
1
1
1
1
1
1
1
1
1
1
1
1
1
1
1
1
1
1
1
1
1
1
1
1
1
1
1
1
1
1
1
1
1
1
1
1
1
1
1
1
1
1
1
1
1
1
1
1
1
1
1
1
1
1
1
1
1
1
1
1
1
1
1
1
1
1
1
1
1
1
1
1
1
1
1
1
1
1
1
1
1
1
1
1
1
1
1
1
1
1
1
1
1
1
1
1
1
1
1
1
1
1
1
1
1
1
1
1
1
1
1
1
1
1
1
1
1
1
1
1
1
1
1
1
1
1
1
1
1
1
1
1
1
1
1
1
1
1
1
1
1
1
1
1
1
1
1
1
1
1
1
1
1
1
1
1
1
1
1
1
1
1
1
1
1
1
1
1
1
1
1
1
1
1
1
1
1
1
1
1
1
1
1
1
1
1
1
1
1
1
1
1
1
1
1
1
1
1
1
1
1
1
1
1
1
1
1
1
1
1
1
1
1
1
1
1
1
1
1
1
1
1
1
1
1
1
1
1
1
1
1
1
1
1
1
1
1
1
1
1
1
1
1
1
1
1
1
1
1
1
1
1
1
1
1
1
1
1
1
1
1
1
1
1
1
1
1
1
1
1
1
1
1
1
1
1
1
1
1
1
1
1
1
1
1
1
1
1
1
1
1
1
1
1
1
1
1
1
1
1
1
1
1
1
1
1
1
1
1
1
1
1
1
1
1
1
1
1
1
1
1
1
1
1
1
1
1
1
1
1
1
1
1
1
1
1
1
1
1
1
1
1
1
1
1
1
1
1
1
1
1
1
1
1
1
1
1
1
1
1
1
1
1
1
1
1
1
1
1
1
1
1
1
1
1
1
1
1
1
1
1
1
1
1
1
1
1
1
1
1
1
1
1
1
1
1
1
1
1
1
1
1
1
1
1
1
1
1
1
1
1
1
1
1
1
1
1
1
1
1
1
1
1
1
1
1
1
1
1
1
1
1
1
1
1
1
1
1
1
1
1
1
1
1
1
1
1
1
1
1
1
1
1
1
1
1
1
1
1
1
1
1
1
1
1
1
1
1
1
1
1
1
1
1
1
1
1
1
1
1
1
1
1
1
1
1
1
1
1
1
1
1
1
1
1
1
1
1
1
1
1
1
1
1
1
1
1
1
1
1
1
1
1
1
1
1
1
1
1
1
1
1
1
1
1
1
1
1
1
1
1
1
1
1
1
1
1
1
1
1
1
1
1
1
1
1
1
1
1
1
1
1
1
1
1
1
1
1
1
1
1
1
1
1
1
1
1
1
1
1
1
1
1
1
1
1
1
1
1
1
1
1
1
1
1
1
1
1
1
1
1
1
1
1
1
1
1
1
1
1
1
1
1
1
1
1
1
1
1
1
1
1
1
1
1
1
1
1
1
1
1
1
1
1
1
1
1
1
1
1
1
1
1
1
1
1
1
1
1
1
1
1
1
1
1
1
1
1
1
1
1
1
1
1
1
1
1
1
1
1
1
1
1
1
1
1
1
1
1
1
1
1
1
1
1
1
1
1
1
1
1
1
1
1
1
1
1
1
1
1
1
1
1
1
1
1
1
1
1
1
1
1
1
1
1
1
1
1
1
1
1
1
1
1
1
1
1
1
1
1
1
1
1
1
1
1
1
1
1
1
1
1
1
1
1
1
1
1
1
1
1
1
1
1
1
1
1
1
1
1
1
1
1
1
1
1
1
1
1
1
1
1
1
1
1
1
1
1
1
1
1
1
1
1
1
1
1
1
1
1
1
1
1
1
1
1
1
1
1
1
1
1
1
1
1
1
1
1
1
1
1
1
1
1
1
1
1
1
1
1
1
1
1
1
1
1
1
1
1
1
1
1
1
1
1
1
1
1
1
1
1
1
1
1
1
1
1
1
1
1
1
1
1
1
1
1
1
1
1
1
1
1
1
1
1
1
1
1
1
1
1
1
1
1
1
1
1
1
1
1
1
1
1
1
1
1
1
1
1
1
1
1
1
1
1
1
1
1
1
1
1
1
1
1
1
1
1
1
1
1
1
1
1
1
1
1
1
1
1
1
1
1
1
1
1
1
1
1
1
1
1
1
1
1
1
1
1
1
1
1
1
1
1
1
1
1
1
1
1
1
1
1
1
1
1
1
1
1
1
1
1
1
1
1
1
1
1
1
1
1
1
1
1
1
1
1
1
1
1
1
1
1
1
1
1
1
1
1
1
1
1
1
1
1
1
1
1
1
1
1
1
1
1
1
1
1
1
1
1
1
1
1
1
1
1
1
1
1
1
1
1
1
1
1
1
1
1
1
1
1
1
1
1
1
1
1
1
1
1
1
1
1
1
1
1
1
1
1
1
1
1
1
1
1
1
1
1
1
1
1
1
1
1
1
1
1
1
1
1
1
1
1
1
1
1
1
1
1
1
1
1
1
1
1
1
1
1
1
1
1
1
1
1
1
1
1
1
1
1
1
1
1
1
1
1
1
1
1
1
1
1
1
1
1
1
1
1
1
1
1
1
1
1
1
1
1
1
1
1
1
1
1
1
1
1
1
1
1
1
1
1
0.999999
0.999998
0.999996
0.999995
0.999994
0.999992
0.999991
0.99999
0.999989
0.999987
0.999986
0.999985
0.999984
0.999982
0.999981
0.999979
0.999978
0.999977
0.999976
0.999975
0.999973
0.999972
0.999971
0.99997
0.999969
0.999967
0.999966
0.999965
0.999963
0.999962
0.999961
0.99996
0.999959
0.999957
0.999956
0.999955
0.999954
0.999952
0.999951
0.99995
0.999949
0.999948
0.999947
0.999946
0.999944
0.999943
0.999942
0.999941
0.99994
0.999938
0.999937
0.999936
0.999935
0.999934
0.999933
0.999931
0.99993
0.999929
0.999928
0.999926
0.999925
0.999924
0.999923
0.999921
0.99992
0.999919
0.999918
0.999916
0.999915
0.999913
0.999912
0.999911
0.99991
0.999909
0.999907
0.999906
0.999905
0.999904
0.999902
0.999901
0.999899
0.999898
0.999897
0.999896
0.999895
0.999894
0.999892
0.999891
0.99989
0.999889
0.999888
0.999887
0.999886
0.999884
0.999883
0.999882
0.999881
0.99988
0.999878
0.999877
0.999876
0.999874
0.999873
0.999872
0.999871
0.99987
0.999868
0.999867
0.999866
0.999865
0.999863
0.999862
0.999861
0.99986
0.999858
0.999857
0.999856
0.999855
0.999854
0.999853
0.999852
0.999851
0.999849
0.999848
0.999847
0.999846
0.999844
0.999843
0.999842
0.99984
0.999839
0.999838
0.999837
0.999836
0.999835
0.999833
0.999832
0.999831
0.99983
0.999828
0.999827
0.999826
0.999825
0.999824
0.999822
0.999821
0.99982
0.999819
0.999817
0.999816
0.999815
0.999813
0.999812
0.999811
0.99981
0.999809
0.999808
0.999806
0.999805
0.999804
0.999803
0.999801
0.9998
0.999798
0.999797
0.999796
0.999794
0.999793
0.999792
0.99979
0.999789
0.999788
0.999787
0.999786
0.999784
0.999783
0.999782
0.99978
0.999779
0.999777
0.999776
0.999775
0.999773
0.999772
0.999771
0.99977
0.999768
0.999767
0.999765
0.999764
0.999762
0.999761
0.999759
0.999758
0.999757
0.999756
0.999755
0.999753
0.999752
0.999751
0.99975
0.999748
0.999747
0.999745
0.999744
0.999742
0.999741
0.99974
0.999738
0.999737
0.999735
0.999734
0.999733
0.999731
0.99973
0.999728
0.999727
0.999725
0.999724
0.999722
0.999721
0.99972
0.999718
0.999716
0.999715
0.999713
0.999712
0.99971
0.999709
0.999707
0.999706
0.999704
0.999702
0.999701
0.9997
0.999698
0.999697
0.999695
0.999693
0.999692
0.999691
0.999689
0.999688
0.999686
0.999684
0.999683
0.999682
0.99968
0.999679
0.999677
0.999676
0.999674
0.999672
0.999671
0.999669
0.999667
0.999666
0.999664
0.999662
0.99966
0.999659
0.999657
0.999656
0.999655
0.999653
0.999651
0.999649
0.999648
0.999646
0.999645
0.999643
0.999641
0.99964
0.999638
0.999636
0.999635
0.999633
0.999631
0.999629
0.999628
0.999626
0.999624
0.999622
0.99962
0.999618
0.999616
0.999614
0.999613
0.999611
0.999609
0.999608
0.999606
0.999604
0.999602
0.9996
0.999598
0.999596
0.999594
0.999592
0.99959
0.999588
0.999586
0.999584
0.999582
0.99958
0.999578
0.999575
0.999574
0.999571
0.999569
0.999568
0.999565
0.999563
0.999561
0.999559
0.999557
0.999554
0.999552
0.99955
0.999547
0.999545
0.999543
0.999541
0.999538
0.999535
0.999533
0.999531
0.999528
0.999526
0.999524
0.999522
0.999519
0.999517
0.999515
0.999512
0.999509
0.999507
0.999505
0.999502
0.9995
0.999498
0.999495
0.999493
0.99949
0.999487
0.999484
0.999482
0.999479
0.999477
0.999474
0.999472
0.999469
0.999466
0.999463
0.999461
0.999458
0.999455
0.999452
0.999449
0.999446
0.999442
0.999439
0.999436
0.999433
0.999429
0.999426
0.999422
0.999419
0.999416
0.999413
0.999409
0.999406
0.999403
0.9994
0.999396
0.999393
0.999389
0.999386
0.999382
0.999379
0.999375
0.999371
0.999368
0.999364
0.999361
0.999357
0.999353
0.999349
0.999346
0.999342
0.999338
0.999334
0.99933
0.999326
0.999322
0.999318
0.999313
0.999309
0.999304
0.9993
0.999296
0.999292
0.999287
0.999283
0.999278
0.999273
0.999268
0.999263
0.999259
0.999254
0.999249
0.999245
0.99924
0.999235
0.999229
0.999225
0.99922
0.999215
0.99921
0.999204
0.999199
0.999194
0.999189
0.999183
0.999178
0.999173
0.999167
0.999161
0.999156
0.99915
0.999144
0.999139
0.999133
0.999127
0.999121
0.999115
0.999109
0.999102
0.999096
0.99909
0.999084
0.999077
0.999071
0.999064
0.999057
0.999051
0.999043
0.999037
0.99903
0.999022
0.999016
0.999008
0.999001
0.998993
0.998985
0.998977
0.998969
0.998962
0.998954
0.998946
0.998939
0.998931
0.998923
0.998915
0.998906
0.998898
0.99889
0.99888
0.998872
0.998863
0.998853
0.998843
0.998835
0.998826
0.998816
0.998807
0.998797
0.998787
0.998776
0.998766
0.998757
0.998746
0.998736
0.998725
0.998713
0.998702
0.998691
0.99868
0.998669
0.998657
0.998646
0.998635
0.998623
0.998611
0.998599
0.998588
0.998576
0.998565
0.998553
0.99854
0.998527
0.998515
0.998502
0.998489
0.998476
0.998463
0.998449
0.998436
0.998422
0.998409
0.998395
0.998382
0.998368
0.998354
0.99834
0.998325
0.99831
0.998295
0.99828
0.998264
0.998249
0.998234
0.998219
0.998202
0.998186
0.99817
0.998153
0.998137
0.99812
0.998103
0.998086
0.998069
0.998052
0.998034
0.998016
0.997998
0.99798
0.997961
0.997942
0.997923
0.997904
0.997884
0.997865
0.997845
0.997825
0.997806
0.997785
0.997765
0.997745
0.997724
0.997702
0.997681
0.997658
0.997636
0.997615
0.997593
0.997569
0.997547
0.997523
0.997498
0.997474
0.997451
0.997426
0.997402
0.997377
0.997351
0.997325
0.9973
0.997275
0.997248
0.997222
0.997195
0.997168
0.997139
0.997111
0.997082
0.997053
0.997023
0.996993
0.996962
0.996932
0.996901
0.996868
0.996835
0.996804
0.996771
0.996738
0.996705
0.996669
0.996635
0.996601
0.996565
0.99653
0.996494
0.996459
0.996423
0.996387
0.99635
0.996313
0.996276
0.996236
0.996198
0.996159
0.996119
0.996079
0.99604
0.995999
0.995958
0.995916
0.995875
0.995833
0.99579
0.995748
0.995706
0.995662
0.995619
0.995574
0.995529
0.995485
0.995441
0.995396
0.995351
0.995304
0.995258
0.99521
0.995163
0.995114
0.995067
0.995019
0.99497
0.99492
0.99487
0.99482
0.994769
0.994719
0.994669
0.994619
0.994567
0.994514
0.994463
0.994411
0.994358
0.994305
0.994251
0.994197
0.994141
0.994086
0.994031
0.993975
0.993919
0.99386
0.993802
0.993744
0.993686
0.993627
0.993566
0.993507
0.993446
0.993386
0.993326
0.993264
0.993201
0.993139
0.993074
0.993011
0.992946
0.992882
0.992818
0.992753
0.992684
0.992618
0.99255
0.992483
0.992414
0.992344
0.992273
0.992204
0.992132
0.992061
0.991989
0.991916
0.991841
0.991767
0.991691
0.991613
0.991536
0.991459
0.991383
0.991305
0.991224
0.991145
0.991063
0.990984
0.990904
0.990823
0.990739
0.990655
0.99057
0.990484
0.990396
0.990309
0.990222
0.990133
0.990045
0.989956
0.989865
0.989776
0.989685
0.989591
0.989498
0.989406
0.989311
0.989215
0.989119
0.989025
0.988927
0.988827
0.98873
0.98863
0.988532
0.98843
0.988329
0.988226
0.988124
0.988018
0.987912
0.987807
0.987701
0.987597
0.987486
0.987379
0.98727
0.987159
0.987048
0.986937
0.986827
0.986712
0.986596
0.986482
0.986367
0.986248
0.986132
0.986015
0.985893
0.985774
0.985654
0.985531
0.985407
0.985283
0.985159
0.985034
0.984906
0.984777
0.984648
0.984519
0.984388
0.984258
0.984123
0.983988
0.98385
0.983716
0.983581
0.983442
0.983302
0.983163
0.983024
0.982878
0.982737
0.982589
0.982445
0.982298
0.982151
0.982003
0.981848
0.981695
0.981542
0.981388
0.98123
0.981073
0.980917
0.98076
0.980599
0.980436
0.980273
0.98011
0.979944
0.979777
0.979605
0.979434
0.979261
0.979089
0.978913
0.978736
0.97856
0.978382
0.978206
0.978027
0.977843
0.977656
0.97747
0.977283
0.977096
0.976908
0.976718
0.976528
0.976331
0.976133
0.975935
0.975735
0.975536
0.975333
0.975129
0.974926
0.974717
0.974508
0.974301
0.974093
0.973882
0.973663
0.97345
0.973232
0.973014
0.972795
0.972572
0.972348
0.972125
0.971901
0.971669
0.971438
0.971203
0.970967
0.97073
0.97049
0.970247
0.970003
0.969759
0.969514
0.969261
0.969015
0.968763
0.96851
0.968255
0.967997
0.96774
0.967483
0.967224
0.966959
0.96669
0.966419
0.966149
0.965878
0.965605
0.965325
0.965043
0.964765
0.964484
0.964199
0.963908
0.963618
0.963325
0.963034
0.96274
0.962436
0.962134
0.961828
0.961525
0.961216
0.960903
0.960586
0.960268
0.959952
0.95963
0.959303
0.958976
0.958648
0.958312
0.957974
0.957635
0.95729
0.956947
0.956605
0.956253
0.955904
0.955546
0.955188
0.954824
0.95446
0.954091
0.953725
0.953356
0.952981
0.952609
0.952234
0.951848
0.951462
0.951071
0.950675
0.950276
0.949877
0.949475
0.949072
0.948667
0.94826
0.947845
0.947433
0.947013
0.946585
0.946164
0.945736
0.945311
0.944879
0.944441
0.944007
0.943563
0.943118
0.942675
0.942223
0.941772
0.941316
0.940857
0.940394
0.939931
0.939462
0.938988
0.938515
0.938039
0.937561
0.937081
0.936602
0.936121
0.935632
0.935142
0.93465
0.934157
0.933657
0.933164
0.932672
0.932173
0.931667
0.931164
0.930654
0.930139
0.929625
0.929113
0.928593
0.928076
0.927555
0.927031
0.926509
0.92599
0.925464
0.924939
0.924409
0.923879
0.923349
0.922821
0.922288
0.921757
0.921227
0.920693
0.920158
0.919622
0.919087
0.918551
0.918013
0.91747
0.916927
0.916383
0.915841
0.915299
0.914761
0.914215
0.913664
0.913122
0.912583
0.912034
0.911491
0.910941
0.910397
0.909854
0.909307
0.908758
0.908208
0.907661
0.907114
0.906563
0.906018
0.905469
0.904921
0.904372
0.903825
0.903276
0.902729
0.902179
0.901629
0.901083
0.900534
0.89998
0.899426
0.898873
0.898324
0.897773
0.897219
0.896666
0.896115
0.895556
0.895004
0.894454
0.893902
0.89335
0.892795
0.892238
0.891683
0.891128
0.890572
0.890024
0.889465
0.88891
0.888348
0.887793
0.887241
0.886684
0.886124
0.885569
0.885008
0.884455
0.883899
0.883349
0.882788
0.882227
0.881669
0.881103
0.880551
0.879991
0.879434
0.878874
0.878313
0.877749
0.877187
0.876628
0.876069
0.875511
0.874954
0.874397
0.873836
0.873273
0.87271
0.87215
0.871594
0.871031
0.87047
0.869913
0.869348
0.868787
0.86823
0.867674
0.867113
0.866551
0.865987
0.865434
0.864874
0.864318
0.863765
0.863211
0.862653
0.86209
0.86153
0.860968
0.86041
0.859849
0.859289
0.858729
0.858172
0.857609
0.857048
0.856492
0.855928
0.855368
0.854805
0.854239
0.853678
0.853115
0.852556
0.851994
0.85143
0.850866
0.8503
0.849738
0.849172
0.848613
0.848053
0.847491
0.846929
0.846362
0.845797
0.845232
0.844668
0.844108
0.843543
0.842973
0.842403
0.841837
0.841269
0.840697
0.840126
0.839557
0.838983
0.838416
0.837856
0.837282
0.836709
0.836133
0.835564
0.834994
0.834424
0.833849
0.833281
0.832708
0.832137
0.831566
0.830995
0.830423
0.829846
0.829276
0.828707
0.828136
0.827562
0.826992
0.826423
0.825848
0.825275
0.824705
0.82413
0.823559
0.822988
0.822413
0.821838
0.821267
0.820695
0.820127
0.81955
0.818977
0.818403
0.817832
0.817259
0.816683
0.816108
0.815533
0.814968
0.814396
0.813828
0.813255
0.812687
0.812114
0.811546
0.810972
0.810409
0.80984
0.809272
0.808705
0.808136
0.807568
0.806996
0.806429
0.80586
0.805296
0.804727
0.804154
0.803585
0.80302
0.802453
0.80189
0.801324
0.800758
0.80019
0.799619
0.799053
0.79849
0.797927
0.797356
0.796794
0.796226
0.795659
0.795088
0.794525
0.793959
0.793392
0.792825
0.792265
0.7917
0.791132
0.790561
0.789991
0.789428
0.788861
0.788296
0.787737
0.78717
0.786604
0.786041
0.78548
0.784912
0.784351
0.783777
0.783215
0.782643
0.782077
0.781512
0.780952
0.780387
0.779819
0.779246
0.778677
0.778112
0.777549
0.776974
0.776412
0.775843
0.775272
0.774704
0.77414
0.773575
0.773017
0.772448
0.771877
0.771306
0.770741
0.770178
0.769608
0.769037
0.76847
0.767911
0.767344
0.766778
0.76621
0.765637
0.765068
0.764501
0.763936
0.763364
0.762796
0.762229
0.761667
0.761106
0.760537
0.759969
0.759407
0.758837
0.758269
0.757702
0.757136
0.75657
0.756
0.755435
0.75487
0.754303
0.753738
0.753169
0.7526
0.752028
0.75146
0.750889
0.750317
0.749743
0.749176
0.748609
0.748043
0.747475
0.746909
0.746341
0.745779
0.745215
0.744644
0.744079
0.743513
0.742948
0.742371
0.741812
0.741242
0.740678
0.740111
0.739541
0.738969
0.738399
0.737835
0.737265
0.736699
0.736136
0.735574
0.735012
0.734444
0.733877
0.733306
0.732743
0.732178
0.731615
0.731052
0.730484
0.72992
0.729356
0.728796
0.728232
0.727666
0.727095
0.726533
0.725966
0.725403
0.724836
0.724267
0.723704
0.723139
0.722575
0.722004
0.721438
0.720872
0.720312
0.719752
0.719187
0.71862
0.718057
0.717492
0.716924
0.716355
0.715794
0.715228
0.71466
0.7141
0.713533
0.712967
0.712399
0.711833
0.711266
0.710698
0.710134
0.709564
0.708994
0.708425
0.707852
0.707288
0.706723
0.706158
0.705589
0.70502
0.704456
0.703888
0.703317
0.702746
0.702178
0.701614
0.701046
0.700475
0.699909
0.699335
0.698764
0.69819
0.697615
0.697043
0.696473
0.695899
0.695324
0.694756
0.694181
0.693601
0.693025
0.692447
0.69188
0.691305
0.690733
0.69016
0.68959
0.689013
0.688435
0.687863
0.687285
0.686717
0.686142
0.685573
0.684997
0.684424
0.683855
0.683281
0.682713
0.682138
0.681571
0.681009
0.680442
0.679863
0.679288
0.678719
0.678147
0.677576
0.677003
0.676432
0.675857
0.675291
0.674719
0.674151
0.67358
0.673014
0.672441
0.671871
0.6713
0.670738
0.670166
0.6696
0.66903
0.668464
0.667896
0.66733
0.666767
0.666203
0.665632
0.665062
0.664494
0.663924
0.663359
0.662796
0.662224
0.66166
0.661093
0.660521
0.659951
0.659378
0.658806
0.658239
0.657675
0.657102
0.656533
0.655958
0.655393
0.654827
0.654254
0.653685
0.653116
0.652549
0.651982
0.651409
0.650843
0.650269
0.649697
0.64913
0.648555
0.647975
0.647399
0.646825
0.646246
0.645672
0.645099
0.644522
0.643943
0.643371
0.642798
0.642216
0.641639
0.641064
0.640493
0.639921
0.63934
0.638762
0.638188
0.637607
0.637026
0.636448
0.635867
0.635291
0.63471
0.634132
0.633554
0.632976
0.632397
0.631816
0.631235
0.630657
0.63008
0.629502
0.628926
0.628346
0.627768
0.62719
0.626618
0.626042
0.625467
0.624895
0.62432
0.623745
0.623165
0.622592
0.622022
0.62145
0.620877
0.62031
0.619732
0.619161
0.618589
0.618016
0.617448
0.616883
0.616316
0.615743
0.615177
0.614608
0.61404
0.613471
0.612898
0.612335
0.611766
0.611196
0.610628
0.610061
0.609494
0.608927
0.608363
0.607804
0.607239
0.606668
0.606101
0.605535
0.604972
0.604407
0.603842
0.603277
0.60272
0.602149
0.601586
0.601021
0.600453
0.599878
0.599308
0.598737
0.598166
0.597599
0.59703
0.596464
0.595889
0.595319
0.594759
0.594183
0.593613
0.59305
0.592472
0.591897
0.591329
0.590755
0.590177
0.5896
0.589028
0.588461
0.58788
0.587302
0.586725
0.586146
0.585574
0.584997
0.584421
0.583838
0.583254
0.58267
0.582086
0.5815
0.580916
0.580331
0.579744
0.579161
0.578573
0.577988
0.577404
0.576816
0.576224
0.575642
0.575057
0.574465
0.573878
0.573297
0.57271
0.572125
0.571533
0.570942
0.570366
0.569775
0.569185
0.568593
0.568006
0.567419
0.566827
0.56624
0.565644
0.56505
0.564468
0.563882
0.563293
0.562699
0.562117
0.561533
0.560944
0.560357
0.559765
0.559175
0.558591
0.558003
0.557418
0.556832
0.556247
0.555661
0.555078
0.554497
0.553913
0.55333
0.552749
0.552164
0.551581
0.551004
0.550421
0.549837
0.549246
0.548664
0.548082
0.5475
0.54692
0.546344
0.545767
0.545185
0.544602
0.544017
0.543443
0.54286
0.54228
0.541701
0.541115
0.540534
0.539952
0.539368
0.538785
0.538203
0.53762
0.53704
0.536458
0.535878
0.535294
0.534709
0.534125
0.533549
0.532964
0.532381
0.531802
0.531219
0.530632
0.530046
0.529462
0.528873
0.528295
0.527711
0.527126
0.526537
0.525952
0.525369
0.52478
0.524187
0.523599
0.523009
0.52242
0.521835
0.521249
0.520664
0.520074
0.519484
0.518892
0.518299
0.517706
0.517116
0.51653
0.515942
0.515352
0.514758
0.514166
0.51358
0.512992
0.512393
0.5118
0.511207
0.51062
0.510033
0.509439
0.508844
0.508261
0.507674
0.507083
0.506495
0.505899
0.505306
0.504714
0.504123
0.50354
0.502949
0.502362
0.501776
0.501187
0.500602
0.500013
0.499427
0.498845
0.49826
0.497681
0.497096
0.496515
0.495929
0.49534
0.494757
0.494177
0.493597
0.493022
0.492441
0.491859
0.491277
0.490697
0.490114
0.489532
0.488957
0.48838
0.4878
0.487224
0.486642
0.486063
0.485485
0.484909
0.484324
0.48375
0.48317
0.482589
0.482011
0.481435
0.480855
0.480278
0.479702
0.479127
0.478547
0.47797
0.477393
0.476821
0.476245
0.47567
0.475094
0.474519
0.473945
0.473373
0.472795
0.47222
0.47164
0.471063
0.470478
0.469904
0.469327
0.468752
0.468171
0.467588
0.467011
0.466436
0.46586
0.465285
0.464707
0.464124
0.463545
0.462964
0.462384
0.461799
0.461216
0.460634
0.46005
0.459464
0.458883
0.458296
0.457708
0.457125
0.456541
0.455955
0.455372
0.454781
0.454198
0.453617
0.453029
0.452447
0.45186
0.451273
0.450691
0.450101
0.449509
0.448924
0.44834
0.447758
0.447174
0.446596
0.446009
0.445422
0.444836
0.444247
0.443656
0.443072
0.442482
0.441894
0.44131
0.440726
0.440143
0.439559
0.438976
0.438391
0.437816
0.437231
0.436646
0.436066
0.435483
0.434905
0.43433
0.43375
0.433164
0.432585
0.432001
0.431418
0.430836
0.430252
0.429673
0.429091
0.428508
0.427925
0.427338
0.426755
0.426171
0.425588
0.425011
0.424433
0.42385
0.423271
0.422696
0.42212
0.421544
0.420959
0.420379
0.419798
0.419224
0.418642
0.418063
0.417484
0.416907
0.416325
0.415744
0.415166
0.414587
0.414011
0.413434
0.412861
0.412277
0.411694
0.411113
0.41053
0.40995
0.409367
0.408789
0.408205
0.407624
0.407035
0.40645
0.405862
0.405272
0.404689
0.404106
0.403527
0.402945
0.402363
0.401774
0.401193
0.400605
0.400018
0.39943
0.398844
0.398256
0.397668
0.397081
0.396486
0.395897
0.395305
0.394716
0.394131
0.393538
0.392947
0.392358
0.391767
0.391176
0.390588
0.389988
0.389394
0.388805
0.388209
0.387616
0.387021
0.386429
0.385842
0.385248
0.384655
0.384065
0.383473
0.38289
0.382296
0.381702
0.38112
0.380534
0.379942
0.379351
0.378764
0.378172
0.377583
0.376997
0.376413
0.375831
0.375242
0.374653
0.374068
0.373482
0.372892
0.372307
0.371723
0.371143
0.370548
0.36996
0.369376
0.36879
0.3682
0.36761
0.367024
0.36644
0.365853
0.365268
0.364684
0.3641
0.363512
0.36291
0.362324
0.361734
0.361146
0.360558
0.359973
0.359388
0.358807
0.35822
0.357637
0.35705
0.35647
0.355886
0.355305
0.354721
0.354134
0.353544
0.352961
0.352374
0.351788
0.351199
0.350611
0.350023
0.349434
0.348843
0.348249
0.347664
0.347076
0.346489
0.345902
0.34531
0.344721
0.344133
0.343547
0.342965
0.342377
0.341792
0.341199
0.340608
0.340016
0.339423
0.338833
0.338246
0.337656
0.337069
0.336479
0.335888
0.3353
0.334711
0.334122
0.333531
0.332939
0.332349
0.331758
0.331165
0.330571
0.329974
0.329381
0.328788
0.328199
0.327603
0.327009
0.326414
0.325822
0.325231
0.324638
0.32405
0.323462
0.322864
0.322269
0.321675
0.32108
0.320486
0.319887
0.319288
0.3187
0.318103
0.317502
0.316908
0.316315
0.315719
0.315122
0.314522
0.313922
0.313328
0.312728
0.312132
0.311529
0.310927
0.310332
0.309735
0.309134
0.30853
0.307923
0.307322
0.306715
0.306116
0.305515
0.304908
0.304306
0.303695
0.303092
0.302496
0.301896
0.301297
0.30069
0.300091
0.299494
0.298891
0.298295
0.297687
0.297082
0.296475
0.295875
0.295272
0.294667
0.294066
0.293458
0.292851
0.292247
0.291642
0.291031
0.290426
0.289825
0.289221
0.288612
0.287999
0.287388
0.286779
0.286178
0.285576
0.284967
0.284359
0.283747
0.283134
0.282524
0.281915
0.281313
0.280706
0.280095
0.279484
0.278871
0.278265
0.277653
0.277043
0.276432
0.275816
0.275204
0.274588
0.273972
0.273363
0.272749
0.27214
0.271524
0.270905
0.270291
0.26968
0.269065
0.26845
0.26783
0.267215
0.266591
0.265967
0.265353
0.264734
0.264115
0.263503
0.26288
0.262259
0.261641
0.261025
0.260401
0.259782
0.25916
0.258541
0.25793
0.257307
0.256689
0.256064
0.255439
0.254817
0.254194
0.253574
0.25295
0.252323
0.251702
0.251085
0.250465
0.249841
0.249223
0.248597
0.247969
0.247338
0.246712
0.246095
0.245476
0.244853
0.24423
0.243604
0.24298
0.242344
0.241718
0.241092
0.24047
0.239845
0.239211
0.238591
0.237969
0.237346
0.236718
0.23609
0.23546
0.234834
0.2342
0.233569
0.232942
0.232317
0.231679
0.231045
0.230425
0.229791
0.229161
0.228527
0.227891
0.227257
0.226627
0.226
0.225367
0.224737
0.224106
0.223477
0.222845
0.222214
0.221579
0.220949
0.220309
0.219675
0.219035
0.218402
0.217768
0.217131
0.216497
0.215864
0.215225
0.214586
0.213945
0.213308
0.212676
0.212035
0.211395
0.210761
0.21012
0.209482
0.20884
0.208198
0.207556
0.206917
0.206276
0.205634
0.204991
0.204347
0.203706
0.203062
0.202417
0.201775
0.201131
0.200482
0.199837
0.19919
0.198544
0.197893
0.197244
0.196591
0.195937
0.195292
0.194642
0.193988
0.193333
0.192677
0.192028
0.191367
0.190714
0.190058
0.189405
0.188752
0.188091
0.187437
0.186781
0.186117
0.185457
0.184797
0.184131
0.183471
0.182805
0.18214
0.181473
0.180807
0.180138
0.179472
0.178804
0.178132
0.177463
0.176787
0.176113
0.175446
0.174773
0.174095
0.173419
0.172738
0.172055
0.171378
0.170697
0.170008
0.16932
0.168632
0.167946
0.167251
0.166565
0.165871
0.165181
0.164486
0.163798
0.163105
0.162407
0.16171
0.161006
0.160311
0.159613
0.158908
0.158202
0.157497
0.15679
0.156078
0.155365
0.15466
0.153948
0.153229
0.152516
0.151793
0.151077
0.150355
0.149632
0.148907
0.148185
0.14745
0.146727
0.145999
0.145267
0.144529
0.143795
0.143058
0.142316
0.141579
0.140837
0.140086
0.139338
0.138587
0.137836
0.13708
0.136325
0.135565
0.134801
0.134038
0.133264
0.132502
0.131736
0.130961
0.130186
0.129407
0.128627
0.127846
0.127062
0.126277
0.125487
0.12469
0.123898
0.123104
0.122304
0.121509
0.120711
0.119905
0.119107
0.118299
0.117489
0.116673
0.115865
0.115043
0.114219
0.113392
0.112563
0.111728
0.110896
0.110058
0.10922
0.108376
0.107528
0.106679
0.105822
0.104965
0.104109
0.103245
0.102383
0.101514
0.100641
0.0997692
0.098894
0.0980108
0.0971221
0.0962415
0.095354
0.0944601
0.0935719
0.0926792
0.0917833
0.0908848
0.0899704
0.089068
0.0881669
0.0872547
0.0863424
0.0854247
0.084507
0.0835927
0.0826724
0.0817514
0.0808347
0.0799164
0.0789896
0.0780659
0.0771317
0.0762007
0.0752609
0.0743286
0.0733958
0.0724643
0.0715352
0.070607
0.0696718
0.0687388
0.0678095
0.0668882
0.0659548
0.0650259
0.0640953
0.0631746
0.0622384
0.0613075
0.0603842
0.0594669
0.0585583
0.0576437
0.0567376
0.0558287
0.0549236
0.0540238
0.0531273
0.0522336
0.0513451
0.0504595
0.0495784
0.0487072
0.0478344
0.0469668
0.0461056
0.0452486
0.0444031
0.0435563
0.0427281
0.0418989
0.0410767
0.0402636
0.0394517
0.0386483
0.0378587
0.0370653
0.036287
0.035508
0.0347359
0.0339822
0.0332373
0.0324938
0.0317643
0.0310375
0.0303289
0.0296162
0.028922
0.0282331
0.0275585
0.0268912
0.0262325
0.0255803
0.0249409
0.0243073
0.0236819
0.0230715
0.0224705
0.0218717
0.0212872
0.0207167
0.0201511
0.0195936
0.0190468
0.0185098
0.0179807
0.0174583
0.0169487
0.0164481
0.0159596
0.0154779
0.0150084
0.0145473
0.0140969
0.0136517
0.013217
0.012793
0.0123765
0.0119714
0.0115761
0.0111931
0.0108141
0.0104466
0.0100847
0.00973142
0.00938443
0.00904468
0.00871615
0.00839478
0.00808311
0.00777901
0.00748066
0.00719066
0.00690883
0.00663611
0.00636808
0.00610699
0.00585509
0.00561054
0.00537094
0.00513736
0.00491359
0.00469492
0.00448161
0.00427656
0.00407685
0.00388665
0.00369997
0.0035206
0.00334677
0.00318167
0.00302044
0.00286444
0.0027191
0.00257751
0.00243785
0.00230934
0.00218286
0.00205995
0.00194136
0.00182814
0.00171964
0.00161429
0.00151598
0.00142271
0.00133066
0.00124445
0.00116157
0.00108388
0.00100821
0.000939694
0.000873021
0.000811663
0.000751264
0.000695758
0.000643916
0.000594262
0.000549039
0.000505486
0.00046389
0.000426457
0.000390598
0.000357079
0.000325997
0.000297121
0.000269819
0.000245222
0.000222352
0.00020188
0.000181638
0.000164927
0.000148119
0.000132789
0.000119838
0.000106773
9.54334e-05
8.58593e-05
7.63045e-05
6.77089e-05
6.03797e-05
5.32807e-05
4.74673e-05
4.21334e-05
3.73752e-05
3.31158e-05
2.95471e-05
2.63046e-05
2.29854e-05
2.04336e-05
1.80928e-05
1.56945e-05
1.37375e-05
1.19148e-05
1.0495e-05
9.11356e-06
8.0583e-06
7.0798e-06
6.15885e-06
5.62163e-06
4.91173e-06
4.35532e-06
3.89485e-06
3.47275e-06
3.01227e-06
2.57098e-06
2.35993e-06
1.93783e-06
1.68841e-06
1.43898e-06
1.22793e-06
9.78508e-07
8.6339e-07
6.90712e-07
5.75593e-07
4.79661e-07
3.83729e-07
3.45356e-07
2.87797e-07
2.49424e-07
2.49424e-07
1.72678e-07
1.72678e-07
1.72678e-07
1.34305e-07
1.34305e-07
1.34305e-07
9.59322e-08
5.75593e-08
5.75593e-08
5.75593e-08
5.75593e-08
3.83729e-08
3.83729e-08
3.83729e-08
3.83729e-08
1.91864e-08
1.91864e-08
1.91864e-08
1.91864e-08
1.91864e-08
1.91864e-08
1.91864e-08
1.91864e-08
1.91864e-08
1.91864e-08
0
0
0
0
0
0
0
0
0
0
0
0
0
0
0
0
0
0
0
0
0
0
0
0
0
0
0
0
0
0
0
0
0
0
0
0
0
0
0
0
0
0
0
0
0
0
0
0
0
0
0
0
0
0
0
0
0
0
0
0
0
0
0
0
0
0
0
0
0
0
0
0
0
0
0
0
0
0
0
0
0
0
0
0
0
0
0
0
0
0
0
0
0
0
0
0
0
0
0
0
0
0
0
0
0
0
0
0
0
0
0
0
0
0
0
0
0
0
0
0
0
0
0
0
0
0
0
0
0
0
0
0
0
0
0
0
0
0
0
0
0
0
0
0
0
0
0
0
0
0
0
0
0
0
0
0
0
0
0
0
0
0
0
0
0
0
0
0
0
0
0
0
0
0
0
0
0
0
0
0
0
0
0
0
0
0
0
0
0
0
0
0
0
0
0
0
0
0
0
0
0
0
0
0
0
0
0
0
0
0
0
0
0
0
0
0
0
0
0
0
0
0
0
0
0
0
0
0
0
0
0
0
0
0
0
0
0
0
0
0
0
0
0
0
0
0
0
0
0
0
0
0
0
0
0
0
0
0
0
0
0
0
0
0
0
0
0
0
0
0
0
0
0
0
0
0
0
0
0
0
0
0
0
0
0
0
0
0
0
0
0
0
0
0
0
0
0
0
0
0
0
0
0
0
0
0
0
0
0
0
0
0
0
0
0
0
0
0
0
0
0
0
0
0
0
0
0
0
0
0
0
0
0
0
0
0
0
0
0
0
0
0
0
0
0
0
0
0
0
0
0
0
0
0
0
0
0
0
0
0
0
0
0
0
0
0
0
0
0
0
0
0
0
0
0
0
0
0
0
0
0
0
0
0
0
0
0
0
0
0
0
0
0
0
0
0
0
0
0
0
0
0
0
0
0
0
0
0
0
0
0
0
0
0
0
0
0
0
0
0
0
0
0
0
0
0
0
0
0
0
0
0
0
0
0
0
0
0
0
0
0
0
0
0
0
0
0
0
0
0
0
0
0
0
0
0
0
0
0
0
0
0
0
0
0
0
0
0
0
0
0
0
0
0
0
0
0
0
0
0
0
0
0
0
0
0
0
0
0
0
0
0
0
0
0
0
0
0
0
0
0
0
0
0
0
0
0
0
0
0
0
0
0
0
0
0
0
0
0
0
0
0
0
0
0
0
0
0
0
0
0
0
0
0
0
0
0
0
0
0
0
0
0
0
0
0
0
0
0
0
0
0
0
0
0
0
0
0
0
0
0
0
0
0
0
0
0
0
0
0
0
0
0
0
0
0
0
0
0
0
0
0
0
0
0
0
0
0
0
0
0
0
0
0
0
0
0
0
0
0
0
0
0
0
0
0
0
0
0
0
0
0
0
0
0
0
0
0
0
0
0
0
0
0
0
0
0
0
0
0
0
0
0
0
0
0
0
0
0
0
0
0
0
0
0
0
0
0
0
0
0
0
0
0
0
0
0
0
0
0
0
0
0
0
0
0
0
0
0
0
0
0
0
0
0
0
0
0
0
0
0
0
0
0
0
0
0
0
0
0
0
0
0
0
0
0
0
0
0
0
0
0
0
0
0
0
0
0
0
0
0
0
0
0
0
0
0
0
0
0
0
0
0
0
0
0
0
0
0
0
0
0
0
0
0
0
0
0
0
0
0
0
0
0
0
0
0
0
0
0
0
0
0
0
0
0
0
0
0
0
0
0
0
0
0
0
0
0
0
0
0
0
0
0
0
0
0
0
0
0
0
0
0
0
0
0
0
0
0
0
0
0
0
0
0
0
0
0
0
0
0
0
0
0
0
0
0
0
0
0
0
0
0
0
0
0
0
0
0
0
0
0
0
0
0
0
0
0
0
0
0
0
0
0
0
0
0
0
0
0
0
0
0
0
0
0
0
0
0
0
0
0
0
0
0
0
0
0
0
0
0
0
0
0
0
0
0
0
0
0
0
0
0
0
0
0
0
0
0
0
0
0
0
0
0
0
0
0
0
0
0
0
0
0
0
0
0
0
0
0
0
0
0
0
0
0
0
0
0
0
0
0
0
0
0
0
0
0
0
0
0
0
0
0
0
0
0
0
0
0
0
0
0
0
0
0
0
0
0
0
0
0
0
0
0
0
0
0
0
0
0
0
0
0
0
0
0
0
0
0
0
0
0
0
0
0
0
0
0
0
0
0
0
0
0
0
0
0
0
0
0
0
0
0
0
0
0
0
0
0
0
0
0
0
0
0
0
0
0
0
0
0
0
0
0
0
0
0
0
0
0
0
0
0
0
0
0
0
0
0
0
0
0
0
0
0
0
0
0
0
0
0
0
0
0
0
0
0
0
0
0
0
0
0
0
0
0
0
0
0
0
0
0
0
0
0
0
0
0
0
0
0
0
0
0
0
0
0
0
0
0
0
0
0
0
0
0
0
0
0
0
0
0
0
0
0
0
0
0
0
0
0
0
0
0
0
0
0
0
0
0
0
0
0
0
0
0
0
0
0
0
0
0
0
0
0
0
0
0
0
0
0
0
0
0
0
0
0
0
0
0
0
0
0
0
0
0
0
0
0
0
0
0
0
0
0
0
0
0
0
0
0
0
0
0
0
0
0
0
0
0
0
0
0
0
0
0
0
0
0
0
0
0
0
0
0
0
0
0
0
0
0
0
0
0
0
0
0
0
0
0
0
0
0
0
0
0
0
0
0
0
0
0
0
0
0
0
0
0
0
0
0
0
0
0
0
0
0
0
0
0
0
0
0
0
0
0
0
0
0
0
0
0
0
0
0
0
0
0
0
0
0
0
0
0
0
0
0
0
0
0
0
0
0
0
0
0
0
0
0
0
0
0
0
0
0
0
0
0
0
0
0
0
0
0
0
0
0
0
0
0
0
0
0
0
0
0
0
0
0
0
0
0
0
0
0
0
0
0
0
0
0
0
0
0
0
0
0
0
0
0
0
0
0
0
0
0
0
0
0
0
0
0
0
0
0
0
0
0
0
0
0
0
0
0
0
0
0
0
0
0
0
0
0
0
0
0
0
0
0
0
0
0
0
0
0
0
0
0
0
0
0
0
0
0
0
0
0
0
0
0
0
0
0
0
0
0
0
0
0
0
0
0
0
0
0
0
0
0
0
0
0
0
0
0
0
0
0
0
0
0
0
0
0
0
0
0
0
0
0
0
0
0
0
0
0
0
0
0
0
0
0
0
0
0
0
0
0
0
0
0
0
0
0
0
0
0
0
0
0
0
0
0
0
0
0
0
0
0
0
0
0
0
0
0
0
0
0
0
0
0
0
0
0
0
0
0
0
0
0
0
0
0
0
0
0
0
0
0
0
0
0
0
0
0
0
0
0
0
0
0
0
0
0
0
0
0
0
0
0
0
0
0
0
0
0
0
0
0
0
0
0
0
0
0
0
0
0
0
0
0
0
0
0
0
0
0
0
0
0
0
0
0
0
0
0
0
0
0
0
0
0
0
0
0
0
0
0
0
0
0
0
0
0
0
0
0
0
0
0
0
0
0
0
0
0
0
0
0
0
0
0
0
0
0
0
0
0
0
0
0
0
0
0
0
0
0
0
0
0
0
0
0
0
0
0
0
0
0
0
0
0
0
0
0
0
0
0
0
0
0
0
0
0
0
0
0
0
0
0
0
0
0
0
0
0
0
0
0
0
0
0
0
0
0
0
0
0
0
0
0
0
0
0
0
0
0
0
0
0
0
0
0
0
0
0
0
0
0
0
0
0
0
0
0
0
0
0
0
0
0
0
0
0
0
0
0
0
0
0
0
0
0
0
0
0
0
0
0
0
0
0
0
0
0
0
0
0
0
0
0
0
0
0
0
0
0
0
0
0
0
0
0
0
0
0
0
0
0
0
0
0
0
0
0
0
0
0
0
0
0
0
0
0
0
0
0
0
0
0
0
0
0
0
0
0
0
0
0
0
0
0
0
0
0
0
0
0
0
0
0
0
0
0
0
0
0
0
0
0
0
0
0
0
0
0
0
0
0
0
0
0
0
0
0
0
0
0
0
0
0
0
0
0
0
0
0
0
0
0
0
0
0
0
0
0
0
0
0
0
0
0
0
0
0
0
0
0
0
0
0
0
0
0
0
0
0
0
0
0
0
0
0
0
0
0
0
0
0
0
0
0
0
0
0
0
0
0
0
0
0
0
0
0
0
0
0
0
0
0
0
0
0
0
0
0
0
0
0
0
0
0
0
0
0
0
0
0
0
0
0
0
0
0
0
0
0
0
0
0
0
0
0
0
0
0
0
0
0
0
0
0
0
0
0
0
0
0
0
0
0
0
0
0
0
0
0
0
0
0
0
0
0
0
0
0
0
0
0
0
0
0
0
0
0
0
0
0
0
0
0
0
0
0
0
0
0
0
0
0
0
0
0
0
0
0
0
0
0
0
0
0
0
0
0
0
0
0
0
0
0
0
0
0
0
0
0
0
0
0
0
0
0
0
0
0
0
0
0
0
0
0
0
0
0
0
0
0
0
0
0
0
0
0
0
0
0
0
0
0
0
0
0
0
0
0
0
0
0
0
0
0
0
0
0
0
0
0
0
0
0
0
0
0
0
0
0
0
0
0
0
0
0
0
0
0
0
0
0
0
0
0
0
0
0
0
0
0
0
0
0
0
0
0
0
0
0
0
0
0
0
0
0
0
0
0
0
0
0
0
0
0
0
0
0
0
0
0
0
0
0
0
0
0
0
0
0
0
0
0
0
0
0
0
0
0
0
0
0
0
0
0
0
0
0
0
0
0
0
0
0
0
0
0
0
0
0
0
0
0
0
0
0
0
0
0
0
0
0
0
0
0
0
0
0
0
0
0
0
0
0
0
0
0
0
0
0
0
0
0
0
0
0
0
0
0
0
0
0
0
0
0
0
0
0
0
0
0
0
0
0
0
0
0
0
0
0
0
0
0
0
0
0
0
0
0
0
0
0
0
0
0
0
0
0
0
0
0
0
0
0
0
0
0
0
0
0
0
0
0
0
0
0
0
0
0
0
0
0
0
0
0
0
0
0
0
0
0
0
0
0
0
0
0
0
0
0
0
0
0
0
0
0
0
0
0
0
0
0
0
0
0
0
0
0
0
0
0
0
0
0
0
0
0
0
0
0
0
0
0
0
0
0
0
0
0
0
0
0
0
0
0
0
0
0
0
0
0
0
0
0
0
0
0
0
0
0
0
0
0
0
0
0
0
0
0
0
0
0
0
0
0
0
0
0
0
0
0
0
0
0
0
0
0
0
0
0
0
0
0
0
0
0
0
0
0
0
0
0
0
0
0
0
0
0
0
0
0
0
0
0
0
0
0
0
0
0
0
0
0
0
0
0
0
0
0
0
0
0
0
0
0
0
0
0
0
0
0
0
0
0
0
0
0
0
0
0
0
0
0
0
0
0
0
0
0
0
0
0
0
0
0
0
0
0
0
0
0
0
0
0
0
0
0
0
0
0
0
0
0
0
0
0
0
0
0
0
0
0
0
0
0
0
0
0
0
0
0
0
0
0
0
0
0
0
0
0
0
0
0
0
0
0
0
0
0
0
0
0
0
0
0
0
0
0
0
0
0
0
0
0
0
0
0
0
0
0
0
0
0
0
0
0
0
0
0
0
0
0
0
0
0
0
0
0
0
0
0
0
0
0
0
0
0
0
0
0
0
0
0
0
0
0
0
0
0
0
0
0
0
0
0
0
0
0
0
0
0
0
0
0
0
0
0
0
0
0
0
0
0
0
0
0
0
0
0
0
0
0
0
0
0
0
0
0
0
0
0
0
0
0
0
0
0
0
0
0
0
0
0
0
0
0
0
0
0
0
0
0
0
0
0
0
0
0
0
0
0
0
0
0
0
0
0
0
0
0
0
0
0
0
0
0
0
0
0
0
0
0
0
0
0
0
0
0
0
0
0
0
0
0
0
0
0
0
0
0
0
0
0
0
0
0
0
0
0
0
0
0
0
0
0
0
0
0
0
0
0
0
0
0
0
0
0
0
0
0
0
0
0
0
0
0
0
0
0
0
0
0
0
0
0
0
0
0
0
0
0
0
0
0
0
0
0
0
0
0
0
0
0
0
0
0
0
0
0
0
0
0
0
0
0
0
0
0
0
0
0
0
0
0
0
0
0
0
0
0
0
0
0
0
0
0
0
0
0
0
0
0
0
0
0
0
0
0
0
0
0
0
0
0
0
0
0
0
0
0
0
0
0
0
0
0
0
0
0
0
0
0
0
0
0
0
0
0
0
0
0
0
0
0
0
0
0
0
0
0
0
0
0
0
0
0
0
0
0
0
0
0
0
0
0
0
0
0
0
0
0
0
0
0
0
0
0
0
0
0
0
0
0
0
0
0
0
0
0
0
0
0
0
0
0
0
0
0
0
0
0
0
0
0
0
0
0
0
0
0
0
0
0
0
0
0
0
0
0
0
0
0
0
0
0
0
0
0
0
0
0
0
0
0
0
0
0
0
0
0
0
0
0
0
0
0
0
0
0
0
0
0
0
0
0
0
0
0
0
0
0
0
0
0
0
0
0
0
0
0
0
0
0
0
0
0
0
0
0
0
0
0
0
0
0
0
0
0
0
0
0
0
0
0
0
0
0
0
0
0
0
0
0
0
0
0
0
0
0
0
0
0
0
0
0
0
0
0
0
0
0
0
0
0
0
0
0
0
0
0
0
0
0
0
0
0
0
0
0
0
0
0
0
0
0
0
0
0
0
0
0
0
0
0
0
0
0
0
0
0
0
0
0
0
0
0
0
0
0
0
0
0
0
0
0
0
0
0
0
0
0
0
0
0
0
0
0
0
0
0
0
0
0
0
0
0
0
0
0
0
0
0
0
0
0
0
0
0
0
0
0
0
0
0
0
0
0
0
0
0
0
0
0
0
0
0
0
0
0
0
0
0
0
0
0
0
0
0
0
0
0
0
0
0
0
0
0
0
0
0
0
0
0
0
0
0
0
0
0
0
0
0
0
0
0
0
0
0
0
0
0
0
0
0
0
0
0
0
0
0
0
0
0
0
0
0
0
0
0
0
0
0
0
0
0
0
0
0
0
0
0
0
0
0
0
0
0
0
0
0
0
0
0
0
0
0
0
0
0
0
0
0
0
0
0
0
0
0
0
0
0
0
0
0
0
0
0
0
0
0
0
0
0
0
0
0
0
0
0
0
0
0
0
0
0
0
0
0
0
0
0
0
0
0
0
0
0
0
0
0
0
0
0
0
0
0
0
0
0
0
0
0
0
0
0
0
0
0
0
0
0
0
0
0
0
0
0
0
0
0
0
0
0
0
0
0
0
0
0
0
0
0
0
0
0
0
0
0
0
0
0
0
0
0
0
0
0
0
0
0
0
0
0
0
0
0
0
0
0
0
0
0
0
0
0
0
0
0
0
0
0
0
0
0
0
0
0
0
0
0
0
0
0
0
0
0
0
0
0
0
0
0
0
0
0
0
0
0
0
0
0
0
0
0
0
0
0
0
0
0
0
0
0
0
0
0
0
0
0
0
0
0
0
0
0
0
0
0
0
0
0
0
0
0
0
0
0
0
0
0
0
0
0
0
0
0
0
0
0
0
0
0
0
0
0
0
0
0
0
0
0
0
0
0
0
0
0
0
0
0
0
0
0
0
0
0
0
0
0
0
0
0
0
0
0
0
0
0
0
0
0
0
0
0
0
0
0
0
0
0
0
0
0
0
0
0
0
0
0
0
0
0
0
0
0
0
0
0
0
0
0
0
0
0
0
0
0
0
0
0
0
0
0
0
0
0
0
0
0
0
0
0
0
0
0
0
0
0
0
0
0
0
0
0
0
0
0
0
0
0
0
0
0
0
0
0
0
0
0
0
0
0
0
0
0
0
0
0
0
0
0
0
0
0
0
0
0
0
0
0
0
0
0
0
0
0
0
0
0
0
0
0
0
0
0
0
0
0
0
0
0
0
0
0
0
0
0
0
0
0
0
0
0
0
0
0
0
0
0
0
0
0
0
0
0
0
0
0
0
0
0
0
0
0
0
0
0
0
0
0
0
0
0
0
0
0
0
0
0
0
0
0
0
0
0
0
0
0
0
0
0
0
0
0
0
0
0
0
0
0
0
0
0
0
0
0
0
0
0
0
0
0
0
0
0
0
0
0
0
0
0
0
0
0
0
0
0
0
0
0
0
0
0
0
0
0
0
0
0
0
0
0
0
0
0
0
0
0
0
0
0
0
0
0
0
0
0
0
0
0
0
0
0
0
0
0
0
0
0
0
0
0
0
0
0
0
0
0
0
0
0
0
0
0
0
0
0
0
0
0
0
0
0
0
0
0
0
0
0
0
0
0
0
0
0
0
0
0
0
0
0
0
0
0
0
0
0
0
0
0
0
0
0
0
0
0
0
0
0
0
0
0
0
0
0
0
0
0
0
0
0
0
0
0
0
0
0
0
0
0
0
0
0
0
0
0
0
0
0
0
0
0
0
0
0
0
0
0
0
0
0
0
0
0
0
0
0
0
0
0
0
0
0
0
0
0
0
0
0
0
0
0
0
0
0
0
0
0
0
0
0
0
0
0
0
0
0
0
0
0
0
0
0
0
0
0
0
0
0
0
0
0
0
0
0
0
0
0
0
0
0
0
0
0
0
0
0
0
0
0
0
0
0
0
0
0
0
0
0
0
0
0
0
0
0
0
0
0
0
0
0
0
0
0
0
0
0
0
0
0
0
0
0
0
0
0
0
0
0
0
0
0
0
0
0
0
0
0
0
0
0
0
0
0
0
0
0
0
0
0
0
0
0
0
0
0
0
0
0
0
0
0
0
0
0
0
0
0
0
0
0
0
0
0
0
0
0
0
0
0
0
0
0
0
0
0
0
0
0
0
0
0
0
0
0
0
0
0
0
0
0
0
0
0
0
0
0
0
0
0
0
0
0
0
0
0
0
0
0
0
0
0
0
0
0
0
0
0
0
0
0
0
0
0
0
0
0
0
0
0
0
0
0
0
0
0
0
0
0
0
0
0
0
0
0
0
0
0
0
0
0
0
0
0
0
0
0
0
0
0
0
0
0
0
0
0
0
0
0
0
0
0
0
0
0
0
0
0
0
0
0
0
0
0
0
0
0
0
0
0
0
0
0
0
0
0
0
0
0
0
0
0
0
0
0
0
0
0
0
0
0
0
0
0
0
0
0
0
0
0
0
0
0
0
0
0
0
0
0
0
0
0
0
0
0
0
0
0
0
0
0
0
0
0
0
0
0
0
0
0
0
0
0
0
0
0
0
0
0
0
0
0
0
0
0
0
0
0
0
0
0
0
0
0
0
0
0
0
0
0
0
0
0
0
0
0
0
0
0
0
0
0
0
0
0
0
0
0
0
0
0
0
0
0
0
0
0
0
0
0
0
0
0
0
0
0
0
0
0
0
0
0
0
0
0
0
0
0
0
0
0
0
0
0
0
0
0
0
0
0
0
0
0
0
0
0
0
0
0
0
0
0
0
0
0
0
0
0
0
0
0
0
0
0
0
0
0
0
0
0
0
0
0
0
0
0
0
0
0
0
0
0
0
0
0
0
0
0
0
0
0
0
0
0
0
0
0
0
0
0
0
0
0
0
0
0
0
0
0
0
0
0
0
0
0
0
0
0
0
0
0
0
0
0
0
0
0
0
0
0
0
0
0
0
0
0
0
0
0
0
0
0
0
0
0
0
0
0
0
0
0
0
0
0
0
0
0
0
0
0
0
0
0
0
0
0
0
0
0
0
0
0
0
0
0
0
0
0
0
0
0
0
0
0
0
0
0
0
0
0
0
0
0
0
0
0
0
0
0
0
0
0
0
0
0
0
0
0
0
0
0
0
0
0
0
0
0
0
0
0
0
0
0
0
0
0
0
0
0
0
0
0
0
0
0
0
0
0
0
0
0
0
0
0
0
0
0
0
0
0
0
0
0
0
0
0
0
0
0
0
0
0
0
0
0
0
0
0
0
0
0
0
0
0
0
0
0
0
0
0
0
0
0
0
0
0
0
0
0
0
0
0
0
0
0
0
0
0
0
0
0
0
0
0
0
0
0
0
0
0
0
0
0
0
0
0
0
0
0
0
0
0
0
0
0
0
0
0
0
0
0
0
0
0
0
0
0
0
0
0
0
0
0
0
0
0
0
0
0
0
0
0
0
0
0
0
0
0
0
0
0
0
0
0
0
0
0
0
0
0
0
0
0
0
0
0
0
0
0
0
0
0
0
0
0
0
0
0
0
0
0
0
0
0
0
0
0
0
0
0
0
0
0
0
0
0
0
0
0
0
0
0
0
0
0
0
0
0
0
0
0
0
0
0
0
0
0
0
0
0
0
0
0
0
0
0
0
0
0
0
0
0
0
0
0
0
0
0
0
0
0
0
0
0
0
0
0
0
0
0
0
0
0
0
0
0
0
0
0
0
0
0
0
0
0
0
0
0
0
0
0
0
0
0
0
0
0
0
0
0
0
0
0
0
0
0
0
0
0
0
0
0
0
0
0
0
0
0
0
0
0
0
0
0
0
0
0
0
0
0
0
0
0
0
0
0
0
0
0
0
0
0
0
0
0
0
0
0
0
0
0
0
0
0
0
0
0
0
0
0
0
0
0
0
0
0
0
0
0
0
0
0
0
0
0
0
0
0
0
0
0
0
0
0
0
0
0
0
0
0
0
0
0
0
0
0
0
0
0
0
0
0
0
0
0
0
0
0
0
0
0
0
0
0
0
0
0
0
0
0
0
0
0
0
0
0
0
0
0
0
0
0
0
0
0
0
0
0
0
0
0
0
0
0
0
0
0
0
0
0
0
0
0
0
0
0
0
0
0
0
0
0
0
0
0
0
0
0
0
0
0
0
0
0
0
0
0
0
0
0
0
0
0
0
0
0
0
0
0
0
0
0
0
0
0
0
0
0
0
0
0
0
0
0
0
0
0
0
0
0
0
0
0
0
0
0
0
0
0
0
0
0
0
0
0
0
0
0
0
0
0
0
0
0
0
0
0
0
0
0
0
0
0
0
0
0
0
0
0
0
0
0
0
0
0
0
0
0
0
0
0
0
0
0
0
0
0
0
0
0
0
0
0
0
0
0
0
0
0
0
0
0
0
0
0
0
0
0
0
0
0
0
0
0
0
0
0
0
0
0
0
0
0
0
0
0
0
0
0
0
0
0
0
0
0
0
0
0
0
0
0
0
0
0
0
0
0
0
0
0
0
0
0
0
0
0
0
0
0
0
0
0
0
0
0
0
0
0
0
0
0
0
0
0
0
0
0
0
0
0
0
0
0
0
0
0
0
0
0
0
0
0
0
0
0
0
0
0
0
0
0
0
0
0
0
0
0
0
0
0
0
0
0
0
0
0
0
0
0
0
0
0
0
0
0
0
0
0
0
0
0
0
0
0
0
0
0
0
0
0
0
0
0
0
0
0
0
0
0
0
0
0
0
0
0
0
0
0
0
0
0
0
0
0
0
0
0
0
0
0
0
0
0
0
0
0
0
0
0
0
0
0
0
0
0
0
0
0
0
0
0
0
0
0
0
0
0
0
0
0
0
0
0
0
0
0
0
0
0
0
0
0
0
0
0
0
0
0
0
0
0
0
0
0
0
0
0
0
0
0
0
0
0
0
0
0
0
0
0
0
0
0
0
0
0
0
0
0
0
0
0
0
0
0
0
0
0
0
0
0
0
0
0
0
0
0
0
0
0
0
0
0
0
0
0
0
0
0
0
0
0
0
0
0
0
0
0
0
0
0
0
0
0
0
0
0
0
0
0
0
0
0
0
0
0
0
0
0
0
0
0
0
0
0
0
0
0
0
0
0
0
0
0
0
0
0
0
0
0
0
0
0
0
0
0
0
0
0
0
0
0
0
0
0
0
0
0
0
0
0
0
0
0
0
0
0
0
0
0
0
0
0
0
0
0
0
0
0
0
0
0
0
0
0
0
0
0
0
0
0
0
0
0
0
0
0
0
0
0
0
0
0
0
0
0
0
0
0
0
0
0
0
0
0
0
0
0
0
0
0
0
0
0
0
0
0
0
0
0
0
0
0
0
0
0
0
0
0
0
0
0
0
0
0
0
0
0
0
0
0
0
0
0
0
0
0
0
0
0
0
0
0
0
0
0
0
0
0
0
0
0
0
0
0
0
0
0
0
0
0
0
0
0
0
0
0
0
0
0
0
0
0
0
0
0
0
0
0
0
0
0
0
0
0
0
0
0
0
0
0
0
0
0
0
0
0
0
0
0
0
0
0
0
0
0
0
0
0
0
0
0
0
0
0
0
0
0
0
0
0
0
0
0
0
0
0
0
0
0
0
0
0
0
0
0
0
0
0
0
0
0
0
0
0
0
0
0
0
0
0
0
0
0
0
0
0
0
0
0
0
0
0
0
0
0
0
0
0
0
0
0
0
0
0
0
0
0
0
0
0
0
0
0
0
0
0
0
0
0
0
0
0
0
0
0
0
0
0
0
0
0
0
0
0
0
0
0
0
0
0
0
0
0
0
0
0
0
0
0
0
0
0
0
0
0
0
0
0
0
0
0
0
0
0
0
0
0
0
0
0
0
0
0
0
0
0
0
0
0
0
0
0
0
0
0
0
0
0
0
0
0
0
0
0
0
0
0
0
0
0
0
0
0
0
0
0
0
0
0
0
0
0
0
0
0
0
0
0
0
0
0
0
0
0
0
0
0
0
0
0
0
0
0
0
0
0
0
0
0
0
0
0
0
0
0
0
0
0
0
0
0
0
0
0
0
0
0
0
0
0
0
0
0
0
0
0
0
0
0
0
0
0
0
0
0
0
0
0
0
0
0
0
0
0
0
0
0
0
0
0
0
0
0
0
0
0
0
0
0
0
0
0
0
0
0
0
0
0
0
0
0
0
0
0
0
0
0
0
0
0
0
0
0
0
0
0
0
0
0
0
0
0
0
0
0
0
0
0
0
0
0
0
0
0
0
0
0
0
0
0
0
0
0
0
0
0
0
0
0
0
0
0
0
0
0
0
0
0
0
0
0
0
0
0
0
0
0
0
0
0
0
0
0
0
0
0
0
0
0
0
0
0
0
0
0
0
0
0
0
0
0
0
0
0
0
0
0
0
0
0
0
0
0
0
0
0
0
0
0
0
0
0
0
0
0
0
0
0
0
0
0
0
0
0
0
0
0
0
0
0
0
0
0
0
0
0
0
0
0
0
0
0
0
0
0
0
0
0
0
0
0
0
0
0
0
0
0
0
0
0
0
0
0
0
0
0
0
0
0
0
0
0
0
0
0
0
0
0
0
0
0
0
0
0
0
0
0
0
0
0
0
0
0
0
0
0
0
0
0
0
0
0
0
0
0
0
0
0
0
0
0
0
0
0
0
0
0
0
0
0
0
0
0
0
0
0
0
0
0
0
0
0
0
0
0
0
0
0
0
0
0
0
0
0
0
0
0
0
0
0
0
0
0
0
0
0
0
0
0
0
0
0
0
0
0
0
0
0
0
0
0
0
0
0
0
0
0
0
0
0
0
0
0
0
0
0
0
0
0
0
0
0
0
0
0
0
0
0
0
0
0
0
0
0
0
0
0
0
0
0
0
0
0
0
0
0
0
0
0
0
0
0
0
0
0
0
0
0
0
0
0
0
0
0
0
0
0
0
0
0
0
0
0
0
0
0
0
0
0
0
0
0
0
0
0
0
0
0
0
0
0
0
0
0
0
0
0
0
0
0
0
0
0
0
0
0
0
0
0
0
0
0
0
0
0
0
0
0
0
0
0
0
0
0
0
0
0
0
0
0
0
0
0
0
0
0
0
0
0
0
0
0
0
0
0
0
0
0
0
0
0
0
0
0
0
0
0
0
0
0
0
0
0
0
0
0
0
0
0
0
0
0
0
0
0
0
0
0
0
0
0
0
0
0
0
0
0
0
0
0
0
0
0
0
0
0
0
0
0
0
0
0
0
0
0
0
0
0
0
0
0
0
0
0
0
0
0
0
0
0
0
0
0
0
0
0
0
0
0
0
0
0
0
0
0
0
0
0
0
0
0
0
0
0
0
0
0
0
0
0
0
0
0
0
0
0
0
0
0
0
0
0
0
0
0
0
0
0
0
0
0
0
0
0
0
0
0
0
0
0
0
0
0
0
0
0
0
0
0
0
0
0
0
0
0
0
0
0
0
0
0
0
0
0
0
0
0
0
0
0
0
0
0
0
0
0
0
0
0
0
0
0
0
0
0
0
0
0
0
0
0
0
0
0
0
0
0
0
0
0
0
0
0
0
0
0
0
0
0
0
0
0
0
0
0
0
0
0
0
0
0
0
0
0
0
0
0
0
0
0
0
0
0
0
0
0
0
0
0
0
0
0
0
0
0
0
0
0
0
0
0
0
0
0
0
0
0
0
0
0
0
0
0
0
0
0
0
0
0
0
0
0
0
0
0
0
0
0
0
0
0
0
0
0
0
0
0
0
0
0
0
0
0
0
0
0
0
0
0
0
0
0
0
0
0
0
0
0
0
0
0
0
0
0
0
0
0
0
0
0
0
0
0
0
0
0
0
0
0
0
0
0
0
0
0
0
0
0
0
0
0
0
0
0
0
0
0
0
0
0
0
0
0
0
0
0
0
0
0
0
0
0
0
0
0
0
0
0
0
0
0
0
0
0
0
0
0
0
0
0
0
0
0
0
0
0
0
0
0
0
0
0
0
0
0
0
0
0
0
0
0
0
0
0
0
0
0
0
0
0
0
0
0
0
0
0
0
0
0
0
0
0
0
0
0
0
0
0
0
0
0
0
0
0
0
0
0
0
0
0
0
0
0
0
0
0
0
0
0
0
0
0
0
0
0
0
0
0
0
0
0
0
0
0
0
0
0
0
0
0
0
0
0
0
0
0
0
0
0
0
0
0
0
0
0
0
0
0
0
0
0
0
0
0
0
0
0
0
0
0
0
0
0
0
0
0
0
0
0
0
0
0
0
0
0
0
0
0
0
0
0
0
0
0
0
0
0
0
0
0
0
0
0
0
0
0
0
0
0
0
0
0
0
0
0
0
0
0
0
0
0
0
0
0
0
0
0
0
0
0
0
0
0
0
0
0
0
0
0
0
0
0
0
0
0
0
0
0
0
0
0
0
0
0
0
0
0
0
0
0
0
0
0
0
0
0
0
0
0
0
0
0
0
0
0
0
0
0
0
0
0
0
0
0
0
0
0
0
0
0
0
0
0
0
0
0
0
0
0
0
0
0
0
0
0
0
0
0
0
0
0
0
0
0
0
0
0
0
0
0
0
0
0
0
0
0
0
0
0
0
0
0
0
0
0
0
0
0
0
0
0
0
0
0
0
0
0
0
0
0
0
0
0
0
0
0
0
0
0
0
0
0
0
0
0
0
0
0
0
0
0
0
0
0
0
0
0
0
0
0
0
0
0
0
0
0
0
0
0
0
0
0
0
0
0
0
0
0
0
0
0
0
0
0
0
0
0
0
0
0
0
0
0
0
0
0
0
0
0
0
0
0
0
0
0
0
0
0
0
0
0
0
0
0
0
0
0
0
0
0
0
0
0
0
0
0
0
0
0
0
0
0
0
0
0
0
0
0
0
0
0
0
0
0
0
0
0
0
0
0
0
0
0
0
0
0
0
0
0
0
0
0
0
0
0
0
0
0
0
0
0
0
0
0
0
0
0
0
0
0
0
0
0
0
0
0
0
0
0
0
0
0
0
0
0
0
0
0
0
0
0
0
0
0
0
0
0
0
0
0
0
0
0
0
0
0
0
0
0
0
0
0
0
0
0
0
0
0
0
0
0
0
0
0
0
0
0
0
0
0
0
0
0
0
0
0
0
0
0
0
0
0
0
0
0
0
0
0
0
0
0
0
0
0
0
0
0
0
0
0
0
0
0
0
0
0
0
0
0
0
0
0
0
0
0
0
0
0
0
0
0
0
0
0
0
0
0
0
0
0
0
0
0
0
0
0
0
0
0
0
0
0
0
0
0
0
0
0
0
0
0
0
0
0
0
0
0
0
0
0
0
0
0
0
0
0
0
0
0
0
0
0
0
0
0
0
0
0
0
0
0
0
0
0
0
0
0
0
0
0
0
0
0
0
0
0
0
0
0
0
0
0
0
0
0
0
0
0
0
0
0
0
0
0
0
0
0
0
0
0
0
0
0
0
0
0
0
0
0
0
0
0
0
0
0
0
0
0
0
0
0
0
0
0
0
0
0
0
0
0
0
0
0
0
0
0
0
0
0
0
0
0
0
0
0
0
0
0
0
0
0
0
0
0
0
0
0
0
0
0
0
0
0
0
0
0
0
0
0
0
0
0
0
0
0
0
0
0
0
0
0
0
0
0
0
0
0
0
0
0
0
0
0
0
0
0
0
0
0
0
0
0
0
0
0
0
0
0
0
0
0
0
0
0
0
0
0
0
0
0
0
0
0
0
0
0
0
0
0
0
0
0
0
0
0
0
0
0
0
0
0
0
0
0
0
0
0
0
0
0
0
0
0
0
0
0
0
0
0
0
0
0
0
0
0
0
0
0
0
0
0
0
0
0
0
0
0
0
0
0
0
0
0
0
0
0
0
0
0
0
0
0
0
0
0
0
0
0
0
0
0
0
0
0
0
0
0
0
0
0
0
0
0
0
0
0
0
0
0
0
0
0
0
0
0
0
0
0
0
0
0
0
0
0
0
0
0
0
0
0
0
0
0
0
0
0
0
0
0
0
0
0
0
0
0
0
0
0
0
0
0
0
0
0
0
0
0
0
0
0
0
0
0
0
0
0
0
0
0
0
0
0
0
0
0
0
0
0
0
0
0
0
0
0
0
0
0
0
0
0
0
0
0
0
0
0
0
0
0
0
0
0
0
0
0
0
0
0
0
0
0
0
0
0
0
0
0
0
0
0
0
0
0
0
0
0
0
0
0
0
0
0
0
0
0
0
0
0
0
0
0
0
0
0
0
0
0
0
0
0
0
0
0
0
0
0
0
0
0
0
0
0
0
0
0
0
0
0
0
0
0
0
0
0
0
0
0
0
0
0
0
0
0
0
0
0
0
0
0
0
0
0
0
0
0
0
0
0
0
0
0
0
0
0
0
0
0
0
0
0
0
0
0
0
0
0
0
0
0
0
0
0
0
0
0
0
0
0
0
0
0
0
0
0
0
0
0
0
0
0
0
0
0
0
0
0
0
0
0
0
0
0
0
0
0
0
0
0
0
0
0
0
0
0
0
0
0
0
0
0
0
0
0
0
0
0
0
0
0
0
0
0
0
0
0
0
0
0
0
0
0
0
0
0
0
0
0
0
0
0
0
0
0
0
0
0
0
0
0
0
0
0
0
0
0
0
0
0
0
0
0
0
0
0
0
0
0
0
0
0
0
0
0
0
0
0
0
0
0
0
0
0
0
0
0
0
0
0
0
0
0
0
0
0
0
0
0
0
0
0
0
0
0
0
0
0
0
0
0
0
0
0
0
0
0
0
0
0
0
0
0
0
0
0
0
0
0
0
0
0
0
0
0
0
0
0
0
0
0
0
0
0
0
0
0
0
0
0
0
0
0
0
0
0
0
0
0
0
0
0
0
0
0
0
0
0
0
0
0
0
0
0
0
0
0
0
0
0
0
0
0
0
0
0
0
0
0
0
0
0
0
0
0
0
0
0
0
0
0
0
0
0
0
0
0
0
0
0
0
0
0
0
0
0
0
0
0
0
0
0
0
0
0
0
0
0
0
0
0
0
0
0
0
0
0
0
0
0
0
0
0
0
0
0
0
0
0
0
0
0
0
0
0
0
0
0
0
0
0
0
0
0
0
0
0
0
0
0
0
0
0
0
0
0
0
0
0
0
0
0
0
0
0
0
0
0
0
0
0
0
0
0
0
0
0
0
0
0
0
0
0
0
0
0
0
0
0
0
0
0
0
0
0
0
0
0
0
0
0
0
0
0
0
0
0
0
0
0
0
0
0
0
0
0
0
0
0
0
0
0
0
0
0
0
0
0
0
0
0
0
0
0
0
0
0
0
0
0
0
0
0
0
0
0
0
0
0
0
0
0
0
0
0
0
0
0
0
0
0
0
0
0
0
0
0
0
0
0
0
0
0
0
0
0
0
0
0
0
0
0
0
0
0
0
0
0
0
0
0
0
0
0
0
0
0
0
0
0
0
0
0
0
0
0
0
0
0
0
0
0
0
0
0
0
0
0
0
0
0
0
0
0
0
0
0
0
0
0
0
0
0
0
0
0
0
0
0
0
0
0
0
0
0
0
0
0
0
0
0
0
0
0
0
0
0
0
0
0
0
0
0
0
0
0
0
0
0
0
0
0
0
0
0
0
0
0
0
0
0
0
0
0
0
0
0
0
0
0
0
0
0
0
0
0
0
0
0
0
0
0
0
0
0
0
0
0
0
0
0
0
0
0
0
0
0
0
0
0
0
0
0
0
0
0
0
0
0
0
0
0
0
0
0
0
0
0
0
0
0
0
0
0
0
0
0
0
0
0
0
0
0
0
0
0
0
0
0
0
0
0
0
0
0
0
0
0
0
0
0
0
0
0
0
0
0
0
0
0
0
0
0
0
0
0
0
0
0
0
0
0
0
0
0
0
0
0
0
0
0
0
0
0
0
0
0
0
0
0
0
0
0
0
0
0
0
0
0
0
0
0
0
0
0
0
0
0
0
0
0
0
0
0
0
0
0
0
0
0
0
0
0
0
0
0
0
0
0
0
0
0
0
0
0
0
0
0
0
0
0
0
0
0
0
0
0
0
0
0
0
0
0
0
0
0
0
0
0
0
0
0
0
0
0
0
0
0
0
0
0
0
0
0
0
0
0
0
0
0
0
0
0
0
0
0
0
0
0
0
0
0
0
0
0
0
0
0
0
0
0
0
0
0
0
0
0
0
0
0
0
0
0
0
0
0
0
0
0
0
0
0
0
0
0
0
0
0
0
0
0
0
0
0
0
0
0
0
0
0
0
0
0
0
0
0
0
0
0
0
0
0
0
0
0
0
0
0
0
0
0
0
0
0
0
0
0
0
0
0
0
0
0
0
0
0
0
0
0
0
0
0
0
0
0
0
0
0
0
0
0
0
0
0
0
0
0
0
0
0
0
0
0
0
0
0
0
0
0
0
0
0
0
0
0
0
0
0
0
0
0
0
0
0
0
0
0
0
0
0
0
0
0
0
0
0
0
0
0
0
0
0
0
0
0
0
0
0
0
0
0
0
0
0
0
0
0
0
0
0
0
0
0
0
0
0
0
0
0
0
0
0
0
0
0
0
0
0
0
0
0
0
0
0
0
0
0
0
0
0
0
0
0
0
0
0
0
0
0
0
0
0
0
0
0
0
0
0
0
0
0
0
0
0
0
0
0
0
0
0
0
0
0
0
0
0
0
0
0
0
0
0
0
0
0
0
0
0
0
0
0
0
0
0
0
0
0
0
0
0
0
0
0
0
0
0
0
0
0
0
0
0
0
0
0
0
0
0
0
0
0
0
0
0
0
0
0
0
0
0
0
0
0
0
0
0
0
0
0
0
0
0
0
0
0
0
0
0
0
0
0
0
0
0
0
0
0
0
0
0
0
0
0
0
0
0
0
0
0
0
0
0
0
0
0
0
0
0
0
0
0
0
0
0
0
0
0
0
0
0
0
0
0
0
0
0
0
0
0
0
0
0
0
0
0
0
0
0
0
0
0
0
0
0
0
0
0
0
0
0
0
0
0
0
0
0
0
0
0
0
0
0
0
0
0
0
0
0
0
0
0
0
0
0
0
0
0
0
0
0
0
0
0
0
0
0
0
0
0
0
0
0
0
0
0
0
0
0
0
0
0
0
0
0
0
0
0
0
0
0
0
0
0
0
0
0
0
0
0
0
0
0
0
0
0
0
0
0
0
0
0
0
0
0
0
0
0
0
0
0
0
0
0
0
0
0
0
0
0
0
0
0
0
0
0
0
0
0
0
0
0
0
0
0
0
0
0
0
0
0
0
0
0
0
0
0
0
0
0
0
0
0
0
0
0
0
0
0
0
0
0
0
0
0
0
0
0
0
0
0
0
0
0
0
0
0
0
0
0
0
0
0
0
0
0
0
0
0
0
0
0
0
0
0
0
0
0
0
0
0
0
0
0
0
0
0
0
0
0
0
0
0
0
0
0
0
0
0
0
0
0
0
0
0
0
0
0
0
0
0
0
0
0
0
0
0
0
0
0
0
0
0
0
0
0
0
0
0
0
0
0
0
0
0
0
0
0
0
0
0
0
0
0
0
0
0
0
0
0
0
0
0
0
0
0
0
0
0
0
0
0
0
0
0
0
0
0
0
0
0
0
0
0
0
0
0
0
0
0
0
0
0
0
0
0
0
0
0
0
0
0
0
0
0
0
0
0
0
0
0
0
0
0
0
0
0
0
0
0
0
0
0
0
0
0
0
0
0
0
0
0
0
0
0
0
0
0
0
0
0
0
0
0
0
0
0
0
0
0
0
0
0
0
0
0
0
0
0
0
0
0
0
0
0
0
0
0
0
0
0
0
0
0
0
0
0
0
0
0
0
0
0
0
0
0
0
0
0
0
0
0
0
0
0
0
0
0
0
0
0
0
0
0
0
0
0
0
0
0
0
0
0
0
0
0
0
0
0
0
0
0
0
0
0
0
0
0
0
0
0
0
0
0
0
0
0
0
0
0
0
0
0
0
0
0
0
0
0
0
0
0
0
0
0
0
0
0
0
0
0
0
0
0
0
0
0
0
0
0
0
0
0
0
0
0
0
0
0
0
0
0
0
0
0
0
0
0
0
0
0
0
0
0
0
0
0
0
0
0
0
0
0
0
0
0
0
0
0
0
0
0
0
0
0
0
0
0
0
0
0
0
0
0
0
0
0
0
0
0
0
0
0
0
0
0
0
0
0
0
0
0
0
0
0
0
0
0
0
0
0
0
0
0
0
0
0
0
0
0
0
0
0
0
0
0
0
0
0
0
0
0
0
0
0
0
0
0
0
0
0
0
0
0
0
0
0
0
0
0
0
0
0
0
0
0
0
0
0
0
0
0
0
0
0
0
0
0
0
0
0
0
0
0
0
0
0
0
0
0
0
0
0
0
0
0
0
0
0
0
0
0
0
0
0
0
0
0
0
0
0
0
0
0
0
0
0
0
0
0
0
0
0
0
0
0
0
0
0
0
0
0
0
0
0
0
0
0
0
0
0
0
0
0
0
0
0
0
0
0
0
0
0
0
0
0
0
0
0
0
0
0
0
0
0
0
0
0
0
0
0
0
0
0
0
0
0
0
0
0
0
0
0
0
0
0
0
0
0
0
0
0
0
0
0
0
0
0
0
0
0
0
0
0
0
0
0
0
0
0
0
0
0
0
0
0
0
0
0
0
0
0
0
0
0
0
0
0
0
0
0
0
0
0
0
0
0
0
0
0
0
0
0
0
0
0
0
0
0
0
0
0
0
0
0
0
0
0
0
0
0
0
0
0
0
0
0
0
0
0
0
0
0
0
0
0
0
0
0
0
0
0
0
0
0
0
0
0
0
0
0
0
0
0
0
0
0
0
0
0
0
0
0
0
0
0
0
0
0
0
0
0
0
0
0
0
0
0
0
0
0
0
0
0
0
0
0
0
0
0
0
0
0
0
0
0
0
0
0
0
0
0
0
0
0
0
0
0
0
0
0
0
0
0
0
0
0
0
0
0
0
0
0
0
0
0
0
0
0
0
0
0
0
0
0
0
0
0
0
0
0
0
0
0
0
0
0
0
0
0
0
0
0
0
0
0
0
0
0
0
0
0
0
0
0
0
0
0
0
0
0
0
0
0
0
0
0
0
0
0
0
0
0
0
0
0
0
0
0
0
0
0
0
0
0
0
0
0
0
0
0
0
0
0
0
0
0
0
0
0
0
0
0
0
0
0
0
0
0
0
0
0
0
0
0
0
0
0
0
0
0
0
0
0
0
0
0
0
0
0
0
0
0
0
0
0
0
0
0
0
0
0
0
0
0
0
0
0
0
0
0
0
0
0
0
0
0
0
0
0
0
0
0
0
0
0
0
0
0
0
0
0
0
0
0
0
0
0
0
0
0
0
0
0
0
0
0
0
0
0
0
0
0
0
0
0
0
0
0
0
0
0
0
0
0
0
0
0
0
0
0
0
0
0
0
0
0
0
0
0
0
0
0
0
0
0
0
0
0
0
0
0
0
0
0
0
0
0
0
0
0
0
0
0
0
0
0
0
0
0
0
0
0
0
0
0
0
0
0
0
0
0
0
0
0
0
0
0
0
0
0
0
0
0
0
0
0
0
0
0
0
0
0
0
0
0
0
0
0
