22279 22305
2 0 1
2 12 0.0434629 -1.43353 0.873149 -0.324707 -2.11261 0.353022 1.44413 0.0646644 -0.343608 -0.0595379 0.0271383 0.00712368 12 0.999937 0.00147199 -0.000724825 0.0013475 0.00380062 -0.000804139 -0.0027451 -0.000231932 0.000656755 0.000158982 -5.16929e-05 -1.81259e-05
2 3 -0.068169 -0.0237577 -0.000698758 3 1.00014 4.41769e-05 1.8777e-06
22364 22379
10 0 1 1 0 3 1 1 0 5 5
2 12 0.0440033 -0.687169 -0.371694 -1.0903 -0.726628 0.773519 0.908827 -0.0515203 -0.25064 -0.0340071 0.0196962 0.00412272 11 0.999964 0.000121773 0.00115405 0.00513259 0.00134562 -0.00391102 -0.00185612 0.000953801 0.000519082 -7.026e-05 -4.10005e-05
2 7 -0.00392048 0.0203039 -8.4335e-05 -4.24186e-05 -6.19731e-07 5.8757e-09 9.28507e-11 7 1.00011 -3.723e-05 2.20127e-06 8.47832e-08 6.0404e-10 -1.15639e-11 -1.19854e-13
1 5 0.0739965 0.000175226 -3.33794e-05 -1.21797e-06 -1.92998e-08
2 4 -0.226213 -0.104687 0.0931092 0.0394769 4 1.00051 0.000262245 -0.000257604 -8.34433e-05
2 8 0.0396642 -0.110449 0.253219 0.275744 0.0678756 -0.0502102 -0.0057953 0.00258588 8 0.999976 0.000342618 -0.000660034 -0.00064514 -0.000129621 0.000111372 1.15591e-05 -5.56938e-06
3 4 -0.591914 0.2048 -0.00960573 -0.000275822 4 1.00327 -0.00102926 4.29866e-05 1.28158e-06 4 -3.9795e-06 1.25501e-06 -4.71804e-08 -1.4651e-09
1 5 0.0935316 0.00239639 -7.64119e-05 -5.05252e-06 -6.9173e-08
3 6 0.338413 3.21753 -2.87993 -2.12221 0.265507 0.215759 6 0.99852 -0.0160507 0.0119018 0.00992282 -0.00116699 -0.00100013 6 1.66413e-06 1.9291e-05 -1.19563e-05 -1.12621e-05 1.26973e-06 1.12876e-06
2 5 -0.0684612 0.1096 0.771695 -0.0107573 -0.0129941 5 1.00023 -0.000203913 -0.00178174 7.16654e-06 3.25805e-05
3 6 5.45394 0.175855 3.20737 -0.875593 -0.043008 0.0196309 6 0.973535 -0.000569744 -0.0150967 0.00405996 0.000204574 -9.08441e-05 6 3.12521e-05 4.92137e-07 1.75306e-05 -4.6595e-06 -2.39432e-07 1.0413e-07
23115 23129
11 0 1 0 3 3 3 0 0 3 3 5
2 10 0.589392 -4.85527 3.53173 5.69701 -1.94817 -3.82017 0.393084 0.959525 -0.0266572 -0.0813012 10 0.999029 0.00808446 -0.00585422 -0.00983533 0.0029759 0.00644954 -0.000559046 -0.00159016 3.5042e-05 0.000133131
2 7 0.0516932 0.109181 -0.0016896 -0.000289045 9.53694e-06 6.27978e-08 -1.65391e-09 7 1.00001 -0.000189524 5.29468e-06 4.72314e-07 -1.79542e-08 -9.98355e-11 3.15597e-12
2 4 0.487801 -0.311169 -0.261156 0.115363 4 0.99919 0.000594475 0.0003719 -0.000177696
1 13 -0.0534096 0.184972 0.103449 -0.192698 -0.152154 0.069421 0.0608315 -0.0112081 -0.0101119 0.000827438 0.000734572 -2.24239e-05 -1.91858e-05
2 10 -0.11763 -1.01624 2.19967 1.05634 -0.846207 -0.316321 0.0717663 0.0272545 -0.00193231 -0.000730978 10 1.00013 0.00160756 -0.00344078 -0.00164712 0.00132134 0.000492096 -0.0001121 -4.24129e-05 3.01918e-06 1.13813e-06
3 3 -3.33294 -1.06172 0.638976 3 1.01121 0.00324409 -0.00223706 3 -9.42065e-06 -2.47373e-06 1.938e-06
2 8 0.142245 0.533154 -1.30657 -0.731176 0.844301 0.461237 -0.0752212 -0.0635988 9 0.999674 -0.000995612 0.00262 0.00129122 -0.00190188 -0.000769861 0.000310689 0.000104908 -2.01563e-05
2 7 0.259313 -0.406982 -0.580975 0.39444 0.34386 -0.0596918 -0.0406459 7 0.9995 0.000644072 0.000827742 -0.000622735 -0.000470146 9.25359e-05 5.27553e-05
2 7 -0.134651 -0.291115 1.44406 0.0422294 -0.519295 -0.00358925 0.0362267 7 1.00017 0.00055468 -0.00236233 -0.0001074 0.000841797 9.14284e-06 -5.90216e-05
3 7 11.1176 0.828301 -7.01532 -0.518286 2.0964 0.0531689 -0.12129 7 0.964043 -0.00346697 0.0233065 0.00195363 -0.00701552 -0.000194986 0.00040935 7 2.89349e-05 3.49634e-06 -1.92886e-05 -1.82214e-06 5.84728e-06 1.78018e-07 -3.44052e-07
3 5 2.45774 0.634196 -2.2389 -0.128673 0.0423007 5 0.994263 -0.00249187 0.00646796 0.000282941 -0.00016425 5 2.8366e-06 2.4463e-06 -4.68182e-06 -1.3491e-07 1.55736e-07
23153 23191
14 0 0 1 1 0 1 1 3 3 3 1 1 0 5
2 11 0.303533 -3.29763 7.50181 1.22837 -5.35261 -0.695549 1.60541 0.135589 -0.207139 -0.00816369 0.00952423 11 0.999539 0.00458998 -0.0121389 -0.00261235 0.00855228 0.00142485 -0.00253125 -0.000264722 0.000324011 1.54566e-05 -1.48202e-05
2 3 0.176469 -0.150493 0.0943612 3 0.999756 0.000245686 -0.000148711
2 5 1.30435 -0.0219342 -0.00135014 -6.5707e-06 1.70021e-07 5 0.998197 3.54003e-05 3.06204e-06 1.4227e-08 -4.16817e-10
2 6 1.23345 -0.0274027 9.80855e-05 5.94622e-05 5.09097e-08 -9.06544e-09 6 0.998264 4.22089e-05 1.38418e-07 -9.51105e-08 -2.38623e-10 1.47932e-11
2 5 0.271919 0.373805 -0.245033 -0.0385832 0.061423 5 0.999591 -0.000641698 0.000351373 7.09647e-05 -9.56726e-05
2 3 0.66851 -0.0257774 0.00123137 3 0.999113 4.16453e-05 -1.80638e-06
2 4 1.35079 0.00639274 -0.000805018 -6.24513e-06 5 0.997965 -8.41096e-06 1.57058e-06 6.89142e-09 -1.39598e-10
1 12 -0.0127448 0.0614116 0.0411087 0.0747983 -0.000597044 -0.0697487 -0.00645399 0.0175034 0.00111959 -0.00178527 -5.27496e-05 6.41625e-05
1 1 -0.0182914
3 1 -30.2556 1 1.10142 1 -8.46766e-05
1 8 0.0539318 6.46521e-05 0.000599113 -6.63602e-06 -4.16624e-07 3.81667e-09 5.90714e-11 -5.60246e-13
2 1 1.03093 1 0.998338
1 14 0.00799251 -0.0255186 0.155134 -0.0507869 -0.280926 0.0419072 0.170584 -0.00699756 -0.0444026 -0.000233316 0.00518133 0.000143724 -0.000221975 -8.84601e-06
1 11 0.0319076 0.104445 -0.0146501 -0.032665 -0.00273761 0.00159344 9.90766e-05 -2.58864e-05 -1.45516e-06 1.32738e-07 7.49129e-09
23265 23301
10 0 1 1 0 3 0 1 3 3 0
2 9 0.255438 -2.08395 4.88909 -0.390324 -2.03731 0.0828219 0.334646 -0.00593612 -0.0183634 10 0.9996 0.0033696 -0.007709 -0.00030456 0.00328426 0.000317547 -0.000531427 -6.91206e-05 2.86767e-05 4.52958e-06
2 4 -0.550465 -0.0813692 0.0004953 0.000188283 4 1.00103 0.000151644 -9.09587e-07 -3.21655e-07
1 2 0.0584831 0.000782355
2 4 0.337176 0.384165 0.0470668 -0.0824629 4 0.999461 -0.000770222 -4.84885e-05 0.00014201
3 7 -1.46207 -5.08262 -3.83653 4.26793 1.38508 -0.251773 -0.0806337 7 1.00535 0.0219121 0.0146695 -0.0162846 -0.00536516 0.000963707 0.000313008 7 -4.78401e-06 -2.20354e-05 -1.37569e-05 1.51249e-05 5.05794e-06 -8.9753e-07 -2.95373e-07
2 8 0.234028 -2.49821 -0.140735 1.79193 0.245341 -0.25785 -0.0176105 0.0125658 8 0.999653 0.00397949 0.000247636 -0.00285689 -0.0003963 0.000408348 2.86086e-05 -1.97888e-05
2 4 -1.02642 -0.0658212 0.00117888 8.62855e-05 4 1.00184 0.000115259 -2.02338e-06 -1.47661e-07
3 6 1.41214 5.1233 -2.0123 -1.0203 0.130967 0.0651174 6 0.998076 -0.0160869 0.00584635 0.00296026 -0.000379613 -0.000188866 6 -5.18098e-07 1.25918e-05 -4.23536e-06 -2.13706e-06 2.74734e-07 1.36422e-07
4 6 -41.7132 -33.0398 18.5895 13.7022 -0.866738 -0.64637 6 1.26783 0.204496 -0.114388 -0.0841143 0.0055124 0.0040037 6 -0.00053355 -0.000399991 0.000223485 0.00016383 -1.09875e-05 -7.84249e-06 6 3.38159e-07 2.519e-07 -1.40651e-07 -1.02963e-07 7.00965e-09 4.94842e-09
3 7 -1.63931 4.11049 -3.79674 -4.88601 1.19918 0.292366 -0.0822307 7 1.00546 -0.0163197 0.0154587 0.0179185 -0.00437924 -0.00108885 0.000294482 7 -4.47006e-06 1.54142e-05 -1.5085e-05 -1.60805e-05 3.94124e-06 9.89528e-07 -2.60373e-07
eof








