1090 1157
7 0 1 1 1 1 0 0
2 9 -0.620109 3.25191 11.6194 -3.75699 -17.0692 1.62844 8.41961 -0.117381 -1.19111 9 1.00087 -0.00250021 -0.0187903 0.0053183 0.0266885 -0.00233803 -0.0128388 0.000170895 0.00179507
2 4 0.276089 0.0767043 0.000593262 -9.91505e-05 4 0.999915 -0.000190179 3.5326e-06 1.35316e-07
2 3 0.151645 0.0365799 0.00164973 2 0.999933 -8.30083e-05
2 2 0.05234 -0.0485579 2 1.0001 6.16845e-05
1 6 -0.00358725 0.00856549 0.00238103 -3.88736e-05 -4.69896e-06 6.65342e-08
2 9 1.40916 -1.80259 -5.09384 3.16335 10.7411 -1.92023 -6.02749 0.184574 0.89121 9 0.997984 0.00279282 0.00706694 -0.00465194 -0.014794 0.00278473 0.00836657 -0.0002699 -0.00124071
2 9 -0.0979532 -2.76061 10.2616 5.0384 -17.2524 -2.85395 7.87251 0.490164 -1.08053 9 1.00014 0.0040741 -0.0148134 -0.00703868 0.0247706 0.00398886 -0.0112717 -0.000686274 0.00154422
eof
