54 76
1 2
4 6 0.32819 -2.38155 1.14953 0.337311 -0.101471 -0.0419106 5 0.995052 -0.00973642 -0.00625935 -0.000543056 0.000726061 5 1.43913e-05 1.31195e-05 1.93989e-05 2.57354e-06 -2.37316e-06 5 -1.15714e-08 -2.47454e-09 -2.00484e-08 -2.57375e-09 2.47823e-09
83 92
3 2 2 2
4 7 0.193534 -2.77874 0.861154 0.542916 0.149707 -0.0632561 -0.0307051 6 0.997533 -0.00228402 -0.00868275 -0.00531864 0.000649926 0.000621686 6 1.15567e-05 -1.41602e-05 2.72013e-05 2.11512e-05 -2.23448e-06 -2.46141e-06 6 -1.31655e-08 2.5211e-08 -2.63032e-08 -2.16988e-08 2.3551e-09 2.50946e-09
4 1 -1.89316 1 1.02699 1 -8.21345e-05 1 6.90686e-08
2 9 -0.00708323 0.364988 -0.327462 -0.784892 0.636839 0.316568 -0.267632 -0.037856 0.0316096 10 1.00025 -0.000604619 0.00178161 0.00111537 -0.00220711 -8.98675e-05 0.000846892 -0.000161805 -9.62908e-05 2.86692e-05
116 150
2 2 2
4 8 0.022849 -2.13635 -0.141115 0.334924 0.621485 -0.292607 -0.0860248 0.0402958 9 0.999437 -0.00889591 0.00585095 -0.00808737 -0.00429498 0.00577888 -0.000286609 -0.00076808 0.000141486 9 1.96962e-06 1.64715e-06 -1.58271e-05 4.46452e-05 9.65379e-06 -2.5569e-05 2.27242e-06 3.23787e-06 -5.89452e-07 9 3.85586e-10 1.25268e-08 3.16114e-10 -4.96933e-08 3.38779e-09 2.64736e-08 -5.95092e-09 -3.2887e-09 9.25764e-10
1 9 0.00987133 0.0238691 -0.15109 -0.0248317 0.187985 -0.0376739 -0.0521204 0.00618728 0.00461855
158 178
2 2 2
4 8 -0.115952 -2.16185 2.43457 -0.868093 -0.804496 0.495518 0.0911166 -0.0630552 8 1.00117 -0.00792703 -0.0280672 0.00793676 0.0126823 -0.00498141 -0.001543 0.000646986 8 -1.71543e-06 -8.04097e-07 9.77775e-05 -1.8303e-05 -4.54693e-05 1.5184e-05 5.54712e-06 -2.08438e-06 8 -3.67956e-10 2.30367e-08 -9.59502e-08 -6.54643e-10 4.44504e-08 -7.84404e-09 -5.40725e-09 1.27155e-09
2 8 -0.0233768 0.0769934 -0.0531617 -0.169793 0.105381 0.00748033 -0.014801 0.00154626 8 1.00026 -0.00128404 -0.000353478 0.0023343 2.29674e-05 -0.000871836 9.53508e-06 9.57938e-05
179 190
3 2 2 2
4 8 0.108944 -1.13011 0.616371 -1.14116 -0.0741534 0.38771 0.0038244 -0.0402133 6 0.997511 -0.0181764 0.000635606 0.00667081 7.72061e-05 -0.000854554 6 6.91238e-06 4.11847e-05 -1.77541e-06 -1.96992e-05 -3.07813e-07 2.52505e-06 6 -6.41951e-09 -2.82659e-08 -1.53355e-09 1.68937e-08 5.90634e-10 -2.16324e-09
2 8 0.0456636 -0.133189 -0.337016 0.360711 0.274557 -0.228385 -0.0345021 0.0299255 4 1.00003 -0.000404774 -0.000601469 0.000310435
2 8 0.0409099 -0.192853 -0.0482735 0.406203 0.0566461 -0.206385 -0.00788134 0.026941 1 0.999902
230 308
1 2
3 8 0.0241424 -2.18706 -1.77856 -1.19707 0.844259 0.580158 -0.0741229 -0.052925 8 0.999807 -0.00866773 0.0119053 0.00855196 -0.00487203 -0.00332596 0.000419974 0.000289161 8 3.62035e-07 1.10299e-05 -1.50316e-05 -1.00635e-05 5.71747e-06 3.83273e-06 -4.88275e-07 -3.31622e-07
456 520
1 2
3 8 -0.0171071 -1.75865 -2.69325 -1.98378 1.50363 1.04899 -0.186485 -0.130389 8 0.999683 -0.0102746 0.0178562 0.0108202 -0.00849872 -0.0051125 0.00102689 0.000613233 8 4.5214e-07 1.272e-05 -2.26934e-05 -1.28689e-05 1.03068e-05 5.93734e-06 -1.23331e-06 -7.05459e-07
eof
