1029 1046
10 2 2 8 4 7 7 4 8 7 4
1 7 0.145264 -0.047254 0.00167294 -2.92546e-06 -7.34262e-07 6.45583e-10 8.29131e-11
1 12 0.061062 -0.00326086 0.00256313 2.52111e-06 -9.32775e-06 3.02916e-08 6.91611e-09 -1.56357e-11 -1.86032e-12 1.95042e-15 1.66122e-16 2.83805e-21
2 4 6.58532 -0.195904 -5.76747e-05 3.92894e-07 4 0.991383 0.000257468 8.31615e-08 -5.27342e-10
1 10 0.148189 0.19832 0.624455 0.101187 -0.0993626 -0.0170511 0.00713253 0.00109573 -0.000161277 -2.39406e-05
2 8 -5.38069 0.635773 -2.74685 0.116318 0.164792 0.0016518 -0.00151543 -6.72376e-05 8 1.00723 -0.00057561 0.00373223 -0.000154303 -0.000220284 -2.21936e-06 2.02058e-06 8.9612e-08
2 8 3.73426 10.0379 -5.53728 -2.50748 0.359933 0.102947 -0.00587017 -0.000692745 8 0.994869 -0.0133174 0.00749715 0.00334051 -0.000487547 -0.000137495 7.90397e-06 9.27749e-07
2 3 3.73409 -8.64407 -2.20541 3 0.995197 0.0114356 0.00292397
1 5 0.179141 0.00130416 -5.3041e-06 1.095e-08 -5.3357e-12
2 6 -5.78117 5.82448 2.18723 -0.139797 -0.00903271 0.000863425 6 1.00792 -0.00748964 -0.00290024 0.000180188 1.18785e-05 -1.11378e-06
2 11 -0.662513 15.8883 -10.3545 -1.96798 1.46885 0.239593 -0.124085 -0.0111501 0.00455499 0.000171882 -5.88533e-05 11 1.00101 -0.0211405 0.0137978 0.00267506 -0.00197811 -0.000323347 0.000167712 1.50175e-05 -6.16344e-06 -2.31371e-07 7.96511e-08
1062 1102
16 2 2 8 7 7 4 8 8 4 7 4 8 4 4 4 4
1 9 0.00891721 -0.0404327 0.00540054 -1.51917e-05 -1.46419e-05 8.85188e-08 1.04571e-08 -3.32859e-11 -2.17462e-12
1 13 -0.027801 0.0178094 0.00170259 -0.000259222 -1.2028e-05 9.52236e-07 2.87941e-08 -1.23547e-09 -2.81082e-11 6.4809e-13 1.17233e-14 -1.1768e-16 -1.73644e-18
2 3 5.04295 -0.14153 -0.000250311 3 0.992974 0.000184034 3.38282e-07
1 9 0.247584 0.612711 0.200898 -0.0398757 -0.0203357 -0.00122458 0.000280203 3.83577e-05 1.30136e-06
2 3 -4.48336 10.1053 1.66167 3 1.00625 -0.0134185 -0.00220437
1 8 0.200888 0.213333 0.421558 0.034738 -0.0363003 -0.00381005 0.00102186 0.000132244
1 4 0.0264948 0.00242008 -6.63579e-06 6.16918e-09
1 5 -0.0484351 -5.32944e-05 1.54162e-06 1.16361e-09 -6.52097e-12
1 9 0.242098 0.0627256 0.134906 0.00344137 -0.0184531 -0.000885637 0.000552249 9.64637e-06 -4.39152e-06
1 6 0.191306 -0.134781 -0.0478383 -0.00370547 0.000237638 2.58518e-05
1 4 0.411025 0.0784123 0.0275684 -0.00667125
1 1 -0.000669969
1 6 0.125972 -0.0767825 -0.0394546 0.0102053 0.00144306 -0.000239182
1 5 0.156216 -0.0110765 0.00337198 0.00165466 -0.000400675
1 1 0.184449
2 11 -0.662513 15.8883 -10.3545 -1.96798 1.46885 0.239593 -0.124085 -0.0111501 0.00455499 0.000171882 -5.88533e-05 11 1.00101 -0.0211405 0.0137978 0.00267506 -0.00197811 -0.000323347 0.000167712 1.50175e-05 -6.16344e-06 -2.31371e-07 7.96511e-08
eof
