479 505
3 0 0 1
3 10 0.124413 2.69229 -2.74922 4.91376 2.5124 -3.50555 -0.66074 0.890343 0.0572267 -0.0745039 10 0.998877 0.0040809 0.0200976 -0.03921 -0.0194179 0.0279643 0.00536609 -0.00721536 -0.000481078 0.000612267 10 1.29727e-06 -7.84747e-06 -2.43666e-05 4.67931e-05 2.21917e-05 -3.28124e-05 -5.99143e-06 8.37472e-06 5.29221e-07 -7.05119e-07
4 11 -0.0720466 2.94949 3.8972 -8.24721 -3.50535 6.47634 0.892872 -1.91687 0.0238875 0.178804 -0.0164425 11 1.00104 -0.0282911 -0.0408783 0.079877 0.037142 -0.0625951 -0.00982605 0.0185944 -7.7111e-05 -0.00173933 0.0001539 11 -4.04093e-06 6.10214e-05 9.33221e-05 -0.000176143 -7.63216e-05 0.000139378 1.4883e-05 -4.19032e-05 2.40133e-06 3.95163e-06 -5.55502e-07 11 4.31544e-09 -3.74967e-08 -6.72869e-08 1.10729e-07 5.45815e-08 -8.84836e-08 -1.07622e-08 2.69493e-08 -1.63498e-09 -2.56217e-09 3.86043e-10
5 3 0.818858 0.0609684 0.00790111 4 0.981032 -0.00166672 -0.000209355 -5.6279e-06 4 0.00012351 9.10429e-06 1.48393e-06 3.91194e-08 4 -2.63094e-07 -2.13204e-08 -3.49745e-09 -8.24836e-11 4 1.74245e-10 1.59417e-11 2.55235e-12 5.40786e-14
1016 1104
2 0 1
3 9 -0.0624311 4.11833 -1.79881 0.905099 1.40405 -0.396846 -0.299236 0.0424196 0.0207627 10 1.00059 -0.00438333 0.0126251 -0.00683178 -0.010795 0.00299108 0.00258612 -0.000424877 -0.000202168 1.6821e-05 9 -8.08424e-07 3.74315e-06 -1.69812e-05 7.63419e-06 1.30988e-05 -2.90407e-06 -3.07239e-06 2.95471e-07 2.36945e-07
3 6 -0.0565563 -0.0360426 0.00364984 9.83777e-05 -1.07197e-06 -4.12044e-08 4 1.00068 -2.55358e-05 -2.6053e-05 -3.84654e-07 4 -7.63306e-07 2.63138e-08 3.19354e-08 5.08868e-10
1124 1278
3 0 1 0
3 10 0.0843234 5.12844 -4.76399 -2.62577 6.59115 4.33242 -3.12861 -2.24429 0.488881 0.350851 10 0.99927 -0.0120982 0.0342363 0.0211907 -0.0498056 -0.0335941 0.0242477 0.0171622 -0.00382939 -0.00267395 10 8.68993e-07 1.09986e-05 -4.06251e-05 -2.29549e-05 5.70191e-05 3.81067e-05 -2.76772e-05 -1.97291e-05 4.37651e-06 3.08937e-06
3 5 -0.118948 -0.0729436 0.00376924 4.57092e-06 -5.11004e-06 5 1.00099 -0.000188468 -2.57013e-05 1.39067e-07 3.68386e-08 5 -1.14538e-06 1.6524e-07 2.98877e-08 -8.57751e-11 -4.17357e-11
3 4 0.450124 -0.0789706 -0.196811 0.104855 4 0.996366 0.000891022 0.00179459 -0.000675319 4 4.19554e-06 -1.06005e-06 -2.19514e-06 7.88304e-07
eof
