2040 2056
5 2 2 1 1 1
2 7 0.0864437 2.86388 5.61383 -1.52271 -7.6573 0.536891 2.44252 7 0.999844 -0.00509091 -0.011745 0.00261973 0.0141123 -0.000857679 -0.00431838
3 4 -5.46442 -3.89874 1.97614 2.59169 4 1.01726 0.0123897 -0.00618878 -0.00820046 4 -1.34812e-05 -9.70265e-06 4.73153e-06 6.41282e-06
1 11 0.00722842 -0.0101349 0.00946774 -0.000451532 -2.72718e-05 1.5981e-06 3.43681e-08 -2.00743e-09 -3.13601e-11 8.02375e-13 1.28732e-14
1 4 0.0239507 0.00362507 -0.000100881 -6.42239e-06
1 3 0.0818627 -0.00874209 -0.000152493
2075 2076
4 2 2 1 1
2 9 -0.108022 2.72642 4.16591 -2.68172 -4.59949 1.3151 1.57067 -0.16183 -0.145578 8 0.999878 -0.00498635 -0.00632754 0.00483723 0.00451746 -0.00230413 -0.000900024 0.000293253
3 9 -0.608388 -7.74149 -8.67614 14.8545 14.361 -6.61358 -5.99964 0.894129 0.759355 9 1.00172 0.0247395 0.0257201 -0.0481083 -0.0428926 0.0217527 0.0179103 -0.00296247 -0.00226499 9 -1.15948e-06 -1.95252e-05 -2.28544e-05 3.84677e-05 3.69219e-05 -1.76431e-05 -1.5343e-05 2.41792e-06 1.9364e-06
1 11 0.0109475 -0.0160051 0.0105396 -0.000139038 -3.22207e-05 4.78603e-07 4.02458e-08 -4.68734e-10 -2.26274e-11 1.46408e-13 4.8258e-15
1 7 -0.0174748 0.0221927 0.000204102 -0.000159627 -4.85508e-06 6.74636e-08 2.39152e-09
2097 2109
4 2 2 1 1
2 9 0.225809 3.13897 1.29964 -0.30747 -2.9725 -0.262111 1.58226 0.0418651 -0.226382 9 0.999694 -0.00557639 -0.00448967 0.0001855 0.00653286 0.00070196 -0.00303631 -0.000115186 0.000407905
3 7 -0.694727 -6.94285 5.17578 2.93114 -2.17576 -0.489911 0.296901 7 1.00268 0.0212832 -0.015974 -0.00861277 0.00646522 0.00145891 -0.00086018 7 -2.42098e-06 -1.60521e-05 1.1793e-05 6.13213e-06 -4.44709e-06 -1.05108e-06 5.69375e-07
1 11 -0.0241387 0.00445249 0.0104293 -0.000257858 -3.01444e-05 5.72613e-07 3.632e-08 -4.21542e-10 -1.92344e-11 9.41058e-14 3.49781e-15
1 6 0.0411629 0.00594731 -0.00102069 6.89863e-05 2.57169e-07 -2.71386e-08
eof
