0
-2945
0
0
0
0
0
0
0
-953
-995
0
0
0
0
0
0
0
0
0
0
0
0
0
0
0
0
0
0
0
0
0
0
0
0
0
0
0
0
0
0
0
0
0
0
0
0
0
-203
-228
-223
-231
-227
-232
-224
-232
-229
-210
-210
-210
-220
-220
-220
-220
-217
-231
-227
-233
-233
-231
-230
-235
-234
-237
-234
-244
-239
-250
-237
-240
-219
-219
-223
-233
-219
-227
-218
-228
-228
-238
-240
-245
-234
-243
-241
-244
-224
-224
-226
-218
-231
-229
-230
-234
-217
-240
-232
-236
-232
-237
-237
-238
-177
-191
-170
-186
-184
-191
-193
-190
-192
-196
-197
-192
-192
-202
-190
-208
0
-3522
0
0
0
0
0
0
0
0
0
0
0
0
0
0
-809
-810
-818
-821
-822
-829
-824
-830
-825
-836
-840
-854
-842
-847
-833
-839
-829
-842
-840
-847
-840
-848
-848
-855
-856
-858
-853
-855
-856
-860
-855
-872
-845
-853
-852
-845
-852
-857
-851
-858
-861
-875
-860
-888
-876
-859
-869
-883
-861
-860
-863
-871
-871
-869
-868
-879
-877
-875
-883
-886
-870
-886
-874
-906
-900
-886
-886
-896
-892
-895
-898
-902
-901
-902
-907
-912
-906
-917
-901
-915
-900
-900
-913
-900
-900
-900
0
0
0
0
0
0
0
0
0
0
-1966
-1555
-1082
-1966
-1448
-2552
-1183
0
0
0
0
0
0
0
-2368
0
0
-2945
0
0
0
0
0
0
0
0
0
0
0
0
0
0
0
-210
-210
-210
-210
-210
-210
-210
-210
-203
-199
-209
-210
-209
-201
-220
-207
-219
-213
-214
-208
-216
-207
-213
-211
-216
-213
-219
-211
-213
-213
-224
-205
-216
-207
-215
-196
-214
-209
-212
-206
-216
-210
-223
-213
-223
-211
-237
-205
-209
-208
-213
-206
-209
-207
-209
-212
-200
-217
-216
-215
-217
-217
-229
-207
-200
-205
-200
-210
-213
-211
-210
-215
-217
-215
-220
-219
-228
-222
-229
-213
-213
-206
-217
-204
-212
-204
-209
-209
-214
-199
-215
-216
-221
-215
-217
-206
-210
-202
-208
-202
-194
-193
-198
-207
-206
-207
-206
-212
-209
-214
-207
0
-2947
0
0
0
0
0
0
0
0
0
0
0
0
0
0
-189
-194
-191
-189
-190
-191
-189
-191
-194
-193
-195
-188
-201
-195
-187
-190
0
0
0
0
0
0
0
0
0
0
0
0
0
0
0
0
0
0
0
0
0
0
0
0
0
0
0
0
0
0
0
0
0
0
0
0
0
0
0
0
0
0
0
0
0
0
0
0
0
-780
-780
-780
-780
-780
-780
-770
-761
-767
-752
-776
-779
-785
-766
-803
-781
-796
-789
-792
-789
-793
-787
-792
-797
-798
-798
-806
-794
-798
-802
-815
-782
-795
-785
-793
-756
-787
-784
-791
-789
-797
-794
-810
-804
-814
-798
-831
-794
-790
-784
-794
-780
-785
-781
-787
-794
-768
-803
-802
-803
-805
-806
-819
-789
-764
-780
-765
-791
-788
-787
-782
-796
-799
-789
-805
-807
-819
-807
-815
-799
-788
-778
-812
-783
-795
-779
-788
-797
-797
-766
-800
-808
-808
-808
-801
-791
-790
-780
-788
-782
-760
-756
-764
-788
-785
-787
-774
-803
-779
-809
-786
0
-1
0
0
0
0
0
0
0
0
0
0
0
0
0
0
-788
-796
-792
-786
-784
-785
-782
-795
-790
-791
-795
-802
-803
-787
-753
-981
-813
-807
-815
-806
-797
-804
-799
-803
-808
-804
-800
-797
-818
-836
-849
-820
-813
-826
-815
-827
-813
-824
-806
-820
-818
-816
-818
-825
-825
-833
-836
-840
-815
-811
-819
-809
-811
-808
-806
-818
-829
-821
-818
-827
-832
-835
-833
-840
-810
-817
-813
-818
-802
-783
-813
-809
-794
-831
-814
-824
-837
-833
-837
-845
-793
-818
-810
-815
-813
-819
-815
-812
-824
-826
-824
-823
-839
-836
-836
-837
-819
-809
-809
-813
-805
-812
-816
-817
-814
-818
-814
-823
-831
-834
-832
-842
0
-1
0
0
0
0
0
0
0
0
0
0
0
0
0
0
-812
-810
-805
-805
-804
-813
-807
-814
-812
-827
-823
-835
-829
-844
-842
-851
-828
-836
-829
-831
-831
-824
-835
-804
-824
-833
-837
-805
-835
-842
-843
-851
-817
-833
-808
-829
-825
-830
-820
-825
-830
-839
-834
-840
-847
-852
-847
-852
-828
-832
-834
-841
-828
-808
-831
-845
-844
-842
-842
-859
-856
-861
-859
-872
-828
-829
-817
-828
-824
-834
-820
-831
-838
-833
-845
-842
-854
-855
-862
-872
-830
-830
-831
-823
-809
-813
-816
-819
-822
-823
-829
-841
-839
-846
-850
-855
-850
-883
-850
-850
-850
-850
0
0
0
0
0
0
0
0
0
0
0
0
0
0
0
0
0
0
0
0
0
0
0
0
0
-767
-773
-771
-777
-770
-775
-781
-784
-800
-793
-807
-821
-807
-814
-822
-831
-818
-814
-808
-820
-817
-822
-807
-818
-821
-820
-823
-828
-839
-837
-847
-847
-798
-817
-811
-811
-802
-815
-818
-818
-820
-828
-823
-821
-832
-822
-844
-844
-817
eof
