0
-2755
0
0
0
0
0
0
0
0
0
0
0
0
0
0
-956
-961
-970
-957
-964
-970
-972
-963
-974
-966
-976
-988
-978
-981
-975
-975
-980
-981
-972
-978
-970
-970
-979
-982
-976
-978
-977
-983
-990
-987
-987
-988
-958
-970
-970
-975
-975
-975
-975
-975
-976
-975
-974
-981
-978
-988
-987
-998
-964
-977
-972
-977
-971
-980
-979
-974
-986
-995
-977
-990
-997
-1000
-990
-991
-975
-971
-971
-977
-969
-977
-972
-971
-983
-991
-987
-993
-999
-996
-992
-999
-976
-975
-973
-963
-976
-979
-981
-983
-964
-985
-987
-970
-985
-995
-991
-994
-923
-936
-933
-932
-936
-935
-939
-944
-939
-944
-949
-942
-938
-957
-949
-960
0
-2755
0
0
0
0
0
0
0
0
0
0
0
0
0
0
-974
-986
-984
-993
-997
-991
-996
-983
-996
-1010
-1015
-1020
-1014
-1027
-1011
-1028
-1007
-1016
-1005
-1018
-1014
-1018
-1016
-1024
-1033
-1037
-1026
-1030
-1037
-1037
-1037
-1050
-1017
-1027
-1029
-1021
-1024
-1036
-1032
-1042
-1040
-1051
-1041
-1069
-1055
-1036
-1051
-1069
-1035
-1017
-1030
-1036
-1046
-1052
-1046
-1053
-1053
-1051
-1056
-1056
-1047
-1046
-1051
-1088
-1045
-1055
-1052
-1058
-1058
-1057
-1070
-1075
-1070
-1080
-1079
-1078
-1079
-1091
-1086
-1093
-1091
-1091
-1079
-1064
-1067
-1076
0
0
0
0
0
0
0
0
0
0
-1037
-1057
-1061
-1070
-1068
-1065
-1059
-1062
-1069
-1075
-1080
-1085
-1078
-1087
-1100
-1102
0
-2752
0
0
0
0
0
0
0
0
0
0
0
0
0
0
-954
-954
-945
-953
-951
-955
-949
-961
-952
-958
-952
-961
-965
-965
-953
-981
-964
-974
-972
-969
-958
-968
-966
-962
-963
-971
-968
-973
-971
-968
-973
-979
-957
-973
-955
-970
-940
-963
-956
-966
-958
-966
-960
-978
-969
-969
-962
-987
-952
-961
-956
-959
-957
-954
-955
-961
-962
-945
-970
-965
-967
-964
-968
-975
-950
-948
-953
-954
-958
-960
-953
-954
-958
-968
-964
-969
-972
-978
-977
-984
-958
-961
-956
-963
-949
-961
-957
-953
-954
-961
-950
-969
-964
-973
-966
-974
-951
-958
-952
-963
-950
-936
-939
-941
-958
-962
-957
-950
-965
-954
-963
-948
0
-2752
0
0
0
0
0
0
0
0
0
0
0
0
0
0
-935
-949
-937
-940
-942
-941
-940
-940
-950
-948
-954
-948
-962
-951
-952
-1000
-1020
-1004
-1029
-1012
-1001
-1010
-1001
-1002
-1016
-1012
-1011
-1010
-1017
-1014
-1044
-1086
-999
-1010
-1009
-1004
-1002
-1004
-997
-1007
-997
-1000
-1013
-1014
-1003
-1024
-1029
-1033
-992
-992
-991
-1004
-1001
-999
-996
-996
-1008
-1006
-1006
-1016
-1012
-1018
-1008
-1000
-994
-1006
-993
-1001
-994
-975
-991
-1003
-978
-1004
-1012
-1004
-1002
-1014
-1015
-1014
-979
-989
-991
-991
-987
-991
-996
-1000
-991
-1004
-1000
-1005
-1003
-1011
-1001
-1006
-996
-969
-984
-995
-978
-987
-988
-990
-993
-1006
-990
-995
-995
-1006
-1006
-1006
0
-2756
0
0
0
0
0
0
0
0
0
0
0
0
0
0
0
0
0
0
0
0
0
0
0
0
0
0
0
0
0
0
0
0
0
0
0
0
0
0
0
0
0
0
0
0
0
0
0
0
0
0
0
0
0
0
0
0
0
0
0
0
0
0
-1001
-1004
-1014
-1011
-1007
-1002
-1004
-1009
-1015
-1010
-1019
-1024
-1019
-1026
-1021
-1025
-1020
-1017
-1005
-1017
-1001
-1009
-1001
-1010
-1019
-1010
-1021
-1044
-1028
-1032
-1036
-1039
-1005
-1014
-1001
-1013
-990
-1007
-1000
-1005
-1002
-1002
-1010
-1012
-1011
-1020
-1012
-1022
-1020
-1022
-1021
-1029
-989
-998
-1000
0
0
0
0
0
0
0
0
0
0
-2755
0
0
0
0
0
0
0
0
0
0
0
0
0
0
-959
-984
-977
-988
-977
-986
-980
-996
-1001
-997
-1003
-1024
-1003
-1016
-1009
-1026
-1012
-1008
-1008
-1007
-1010
-1007
-1004
-1002
-1008
-1010
-1007
-1023
-1020
-1018
-1026
-1020
-989
-1002
-993
-999
-997
-1005
-1001
-1016
-1009
-1007
-1006
-1010
-1006
-1008
-1011
-1029
-999
-988
-992
-996
-999
-999
-999
-998
-1002
-1010
-1005
-1005
-1011
-1019
-1006
-1017
-1000
-1009
-996
-1005
-996
-1005
-999
-1003
-1014
-1012
-1014
-1018
-1015
-1020
-1002
-1029
-1001
-1005
-1003
-1012
-1003
-1005
-996
-1003
-1007
-1013
-1009
-1020
-1020
-1029
-1019
-1018
-989
-984
-983
-1006
-990
-996
-987
-998
-998
-1001
-1000
-996
-1005
-1009
-1014
-1010
-1000
-1000
0
0
0
0
0
0
0
0
-2754
0
0
0
0
0
-1002
-1002
-1000
-1000
-1000
-1000
-1000
-1000
-1008
-1005
-1013
-1014
-1023
-1028
-1026
-1029
-1026
-1025
-1013
-1023
-1016
-1021
-1003
-1022
-1015
-1015
-1015
-1028
-1022
-1018
-1000
-1000
0
0
0
0
0
0
0
0
0
0
0
0
0
0
0
0
0
0
0
0
0
0
0
0
0
0
0
0
0
0
0
0
0
0
0
0
0
0
0
0
0
0
0
0
0
0
0
0
0
0
0
0
0
0
0
0
0
0
0
0
0
0
0
0
0
0
0
0
0
0
0
0
0
0
0
0
0
0
0
0
eof
