0
-2771
0
0
0
0
0
0
0
0
0
0
0
0
0
0
-641
-619
-653
-647
-637
-633
-648
-651
-644
-655
-634
-657
-651
-701
-675
-650
-632
-645
-633
-660
-627
-647
-632
-632
-636
-647
-640
-641
-661
-644
-618
-661
-624
-633
-645
-648
-622
-634
-626
-656
-638
-626
-634
-648
-649
-647
-650
-666
-625
-651
-639
-643
-634
-635
-622
-619
-639
-647
-633
-642
-659
-670
-648
-654
-633
-643
-636
-623
-628
-638
-637
-628
-641
-635
-662
-642
-665
-653
-651
-663
-640
-642
-649
-614
-632
-635
-644
-644
-620
-633
-644
-624
-638
-643
-643
-649
-593
-597
-571
-589
-587
-610
-595
-603
-599
-604
-607
-597
-599
-621
-610
-619
0
-2771
0
0
0
0
0
0
0
0
0
0
0
0
0
0
-651
-653
-646
-651
-655
-664
-646
-645
-643
-659
-665
-663
-660
-678
-668
-689
-658
-675
-663
-669
-678
-688
-665
-665
-686
-691
-674
-700
-696
-707
-704
-700
-672
-679
-698
-681
-686
-714
-687
-697
-706
-710
-690
-732
-725
-695
-724
-715
-700
-700
-687
-684
-704
-699
-703
-705
-711
-710
-710
-707
-694
-707
-705
-735
-709
-713
-705
-718
-707
-699
-732
-721
-730
-726
-722
-734
-730
-746
-743
-756
-750
-750
-750
-750
-750
-736
0
0
0
0
0
0
0
0
0
0
-718
-730
-720
-746
-725
-743
-724
-743
-755
-748
-754
-754
-735
-760
-767
-772
0
-2768
0
0
0
0
0
0
0
0
0
0
0
0
0
0
-622
-630
-608
-634
-630
-633
-622
-641
-634
-622
-623
-630
-639
-640
-616
-674
-638
-645
-632
-638
-623
-646
-632
-627
-640
-657
-643
-640
-635
-652
-656
-656
-639
-643
-640
-647
-611
-629
-636
-632
-629
-637
-634
-639
-631
-644
-638
-643
-629
-627
-632
-634
-628
-630
-614
-625
-635
-606
-634
-639
-634
-645
-644
-668
-619
-621
-614
-624
-633
-634
-622
-623
-638
-633
-633
-641
-647
-650
-638
-648
-623
-627
-615
-640
-626
-628
-632
-614
-622
-640
-600
-641
-640
-641
-635
-639
-640
-626
-615
-625
-620
-601
-607
-604
-639
-625
-620
-610
-628
-617
-627
-608
0
-2768
0
0
0
0
0
0
0
0
0
0
0
0
0
0
-594
-622
-615
-601
-607
-606
-610
-610
-600
-616
-620
-593
-620
-624
-616
0
0
0
0
0
0
0
0
0
-551
-545
-544
-552
-554
-553
-555
-556
-539
-542
-542
-550
-540
-541
-533
-555
-544
-544
-545
-552
-543
-542
-543
-552
-538
-536
-540
-543
-537
-539
-537
-541
-537
-535
-539
-549
-539
-535
-550
-540
-525
-536
-530
-543
-534
-532
-535
-548
-539
-531
-538
-538
-539
-537
-540
-552
-534
-540
-535
-546
-533
-542
-536
-540
-534
-533
-531
-544
-529
-536
-535
-543
-525
-532
-530
-536
-528
-534
-529
-541
-531
-532
-525
-538
-526
-532
-531
-543
0
-2772
0
0
0
0
0
0
0
0
0
0
0
0
0
0
-530
-527
-528
-534
-525
-532
-534
-541
-533
-533
-536
-549
-537
-539
-540
-550
-549
-546
-547
-551
-546
-549
-550
-552
-547
-548
-547
-549
-545
-546
-541
-549
-529
-540
-540
-554
-535
-542
-537
-552
-542
-544
-536
-546
-534
-544
-540
-560
-544
-542
-541
-552
-543
-543
-535
-548
-547
-539
-542
-554
-546
-547
-552
-552
-537
-542
-542
-549
-546
-546
-538
-548
-542
-540
-551
-554
-549
-546
-556
-563
-541
-546
-539
-550
-541
-550
-535
-552
-544
-540
-542
-548
-548
-547
-544
-546
-526
-531
-525
-538
-525
-531
-526
-539
-529
-533
-529
-539
-536
-540
0
0
0
-2771
0
0
0
0
0
0
0
0
0
0
0
0
0
0
0
0
0
0
0
0
0
0
0
0
0
0
0
0
0
0
0
0
0
0
0
0
0
0
0
0
0
0
0
0
0
0
0
0
0
0
0
0
0
0
0
0
0
0
0
0
0
0
0
0
0
0
0
0
0
0
0
0
0
0
0
0
0
0
0
0
0
0
0
0
0
0
0
0
0
0
0
0
0
0
0
0
0
0
0
0
0
0
0
0
0
0
0
0
0
0
0
0
0
0
0
0
0
0
0
0
0
0
0
0
0
0
0
-2771
0
0
0
0
0
0
0
0
-2770
0
0
0
0
0
0
0
0
0
0
0
0
0
0
0
0
0
0
0
0
0
0
0
0
0
0
0
0
0
0
0
0
0
0
0
0
0
0
0
0
0
0
0
0
0
0
0
0
0
0
0
0
0
0
0
0
0
0
0
0
0
0
0
0
0
0
0
0
0
0
0
0
0
0
0
0
0
0
0
0
0
0
0
0
0
0
0
0
0
0
0
0
0
0
0
0
0
0
0
0
0
0
0
0
0
0
0
0
0
0
0
0
0
0
0
0
0
eof
