-0
-0
-0
-0
-0
-0
-0
-0
-0
-0
-0
-0
-0
-0
-0
-0
-3912
-3912
-3912
-3912
-3912
-3912
-3912
-3912
-3912
-3912
-3912
-3912
-3912
-3912
-3912
-3912
-3912
-3912
-3912
-3912
-3912
-3912
-3912
-3912
-3912
-3912
-3912
-3912
-3912
-3912
-0
-3912
-3912
-3930
-3921
-3933
-3918
-3925
-3913
-3923
-3918
-3922
-3956
-3943
-3918
-3918
-3918
-3918
-3900
-3926
-3912
-3923
-3931
-3917
-3916
-3923
-3923
-3918
-3923
-3929
-3935
-3933
-3925
-3929
-3915
-3912
-3913
-3927
-3907
-3907
-3908
-3916
-3922
-3931
-3924
-3929
-3931
-3929
-3924
-3943
-3930
-3922
-3916
-3906
-3937
-3931
-3918
-3923
-3912
-3928
-3926
-3919
-3929
-3933
-3928
-3928
-3874
-3895
-3878
-3884
-3879
-3895
-3892
-3891
-3883
-3889
-3896
-3879
-3893
-3904
-3887
-3917
-0
-0
-0
-0
-0
-0
-0
-0
-0
-0
-0
-0
-0
-0
-0
-0
-3930
-3933
-3943
-3945
-3950
-3962
-3956
-3953
-3948
-3978
-3951
-3989
-3982
-3983
-3955
-3970
-3954
-3965
-3943
-3970
-3960
-3981
-3962
-3973
-3967
-3969
-3988
-3979
-3986
-3973
-3993
-4004
-3965
-3966
-3965
-3967
-3972
-3970
-3968
-3987
-3974
-4007
-3983
-4014
-3993
-3988
-4000
-4012
-3974
-3980
-3969
-3978
-3985
-3972
-3970
-3983
-3980
-3985
-3994
-3999
-3980
-4002
-3998
-4033
-3971
-3983
-3977
-3981
-3983
-3984
-3995
-3993
-3995
-4005
-4010
-4017
-4003
-4015
-4005
-4015
-4042
-4004
-4002
-3998
-3984
-4001
-5104
-0
-0
-0
-0
-0
-0
-0
-0
-0
-3912
-3912
-3912
-3912
-3912
-3912
-3912
-3912
-3912
-3912
-3912
-3912
-3912
-3912
-3912
-3912
-0
-0
-0
-0
-0
-0
-0
-0
-0
-0
-0
-0
-0
-0
-0
-0
-3912
-3912
-3912
-3912
-3912
-3912
-3912
-3912
-3912
-3912
-3912
-3943
-3905
-3918
-3905
-3920
-3911
-3915
-3918
-3919
-3915
-3920
-3912
-3919
-3914
-3919
-3911
-3925
-3905
-3922
-3916
-3917
-3904
-3917
-3909
-3914
-3886
-3912
-3903
-3905
-3906
-3911
-3911
-3923
-3902
-3925
-3913
-3935
-3914
-3911
-3910
-3919
-3905
-3912
-3900
-3906
-3913
-3900
-3919
-3921
-3918
-3923
-3916
-3940
-3913
-3896
-3904
-3905
-3910
-3910
-3912
-3909
-3921
-3917
-3907
-3928
-3919
-3934
-3924
-3930
-3913
-3909
-3902
-3925
-3906
-3919
-3898
-3911
-3919
-3915
-3903
-3912
-3921
-3919
-3922
-3919
-3899
-3915
-3902
-3906
-3897
-3886
-3889
-3891
-3903
-3903
-3898
-3901
-3903
-3908
-3915
-3908
-0
-0
-0
-0
-0
-0
-0
-0
-0
-0
-0
-0
-0
-0
-0
-0
-3880
-3893
-3891
-3885
-3889
-3890
-3883
-3891
-3892
-3883
-3891
-3894
-3896
-3879
-3864
-3912
-3927
-3911
-3930
-3923
-3911
-3924
-3912
-3912
-3912
-3912
-3912
-3912
-3912
-3912
-3912
-3912
-3904
-3917
-3901
-3928
-3911
-3919
-3906
-3920
-3911
-3917
-3911
-3916
-3919
-3930
-3933
-3941
-3903
-3902
-3904
-3896
-3903
-3902
-3901
-3902
-3913
-3918
-3906
-3922
-3914
-3918
-3925
-3925
-3894
-3905
-3900
-3901
-3889
-3889
-3905
-3900
-3898
-3910
-3893
-3899
-3913
-3913
-3912
-3925
-3896
-3903
-3892
-3896
-3902
-3910
-3908
-3901
-3900
-3914
-3907
-3906
-3922
-3911
-3904
-3916
-3895
-3895
-3888
-3892
-3892
-3892
-3896
-3912
-3901
-3905
-3899
-3902
-3909
-3906
-3899
-3919
-0
-0
-0
-0
-0
-0
-0
-0
-0
-0
-0
-0
-0
-0
-0
-0
-3900
-3895
-3884
-3888
-3887
-3897
-3896
-3898
-3895
-3906
-3901
-3909
-3904
-3913
-3920
-3926
-3905
-3916
-3911
-3898
-3914
-3908
-3916
-3907
-3907
-3912
-3927
-3896
-3910
-3911
-3916
-3926
-3890
-3913
-3892
-3914
-3908
-3916
-3909
-3910
-3902
-3923
-3908
-3918
-3918
-3915
-3911
-3923
-3903
-3905
-3907
-3920
-3906
-3905
-3905
-3918
-3915
-3923
-3922
-3924
-3929
-3929
-3936
-3942
-3902
-3901
-3893
-3902
-3898
-3904
-3893
-3909
-3911
-3903
-3914
-3919
-3926
-3920
-3933
-3939
-3894
-3901
-3893
-3901
-3898
-3897
-3896
-3901
-3903
-3897
-3906
-3911
-3902
-3916
-3914
-3915
-3912
-3944
-3893
-3898
-3881
-3893
-3912
-0
-0
-0
-0
-0
-0
-0
-0
-0
-0
-0
-0
-0
-0
-0
-0
-0
-0
-0
-0
-0
-0
-0
-0
-0
-3912
-3912
-3912
-3912
-3912
-3912
-3912
-3915
-3927
-3915
-3920
-3926
-3912
-3922
-3926
-3927
-3924
-3915
-3904
-3921
-3915
-3919
-3905
-3915
-3914
-3905
-3909
-3916
-3925
-3912
-3933
-3929
-3891
-3906
-3902
-3898
-3897
-3911
-3916
-3913
-3904
-3906
-3901
-3901
-3918
-3905
-3920
-3924
-3906
-3903
-3893
-3904
-3900
-3897
-3903
-3911
-3911
-3932
-3907
-3910
-3922
-3923
-3902
-3926
-3899
-3916
-3887
-3906
-3904
-3902
-3898
-3907
-3905
-3911
-3913
-3918
-3916
-3918
-3906
-3933
-3898
-3905
-3911
-3907
-3913
-3914
-3897
-3910
-3909
-3921
-3917
-3922
-3923
-3932
-3927
-3934
-3887
-3897
-3890
-3899
-3897
-3908
-3898
-3903
-3896
-3913
-3908
-3909
-3905
-3915
-3915
-3924
-0
-0
-0
-0
-0
-0
-0
-0
-0
-0
-0
-0
-0
-0
-0
-0
-3902
-3909
-3894
-3911
-3907
-3905
-3905
-3902
-3913
-3907
-3914
-3917
-3929
-3927
-3919
-3921
-3912
-3925
-3904
-3918
-3911
-3915
-3905
-3912
-3912
-3914
-3920
-3923
-3921
-3918
-3900
-3912
-0
-0
-0
-0
-0
-0
-0
-0
-0
-0
-0
-0
-0
-0
-0
-0
-0
-0
-0
-0
-0
-0
-0
-0
-0
-0
-0
-0
-0
-0
-0
-0
-0
-0
-0
-0
-0
-0
-0
-0
-0
-0
-0
-0
-0
-0
-0
-0
-0
-0
-0
-0
-0
-0
-0
-0
-0
-0
-0
-0
-0
-0
-0
-0
-0
-0
-0
-0
-0
-0
-0
-0
-0
-0
-0
-0
-0
-0
-0
-0

