-0
-0
-0
-0
-0
-0
-0
-0
-0
-0
-0
-0
-0
-0
-0
-0
-3976
-3976
-3976
-3976
-3976
-3976
-3976
-0
-3976
-3976
-3976
-0
-0
-0
-0
-3976
-3968
-3976
-3976
-3976
-3976
-3976
-3976
-3976
-3976
-3976
-3976
-3976
-3976
-3976
-3976
-3976
-3952
-3985
-3968
-3983
-3974
-3973
-3972
-3974
-3971
-3965
-3994
-3981
-3976
-3986
-3986
-3978
-3969
-3981
-3967
-3978
-3983
-3971
-3967
-3988
-3977
-3975
-3983
-3983
-3989
-3997
-3985
-3985
-3966
-3968
-3961
-3984
-3969
-3972
-3961
-3971
-3972
-3988
-3983
-3990
-3979
-3991
-3985
-3991
-3978
-3977
-3972
-3972
-3982
-3973
-3973
-3974
-3964
-3983
-3978
-3978
-3984
-3985
-3980
-3975
-3927
-3942
-3936
-3937
-3930
-3945
-3946
-3943
-3943
-3948
-3950
-3937
-3942
-3951
-3941
-3956
-0
-0
-0
-0
-0
-0
-0
-0
-0
-0
-0
-0
-0
-0
-0
-0
-3987
-3983
-3991
-3996
-4000
-4013
-4000
-4005
-4003
-4027
-4016
-4030
-4025
-4026
-4008
-4014
-3999
-4017
-4011
-4021
-4014
-4020
-4014
-4022
-4022
-4025
-4034
-4035
-4042
-4028
-4042
-4051
-4016
-4029
-4024
-4024
-4028
-4040
-4031
-4033
-4030
-4050
-4041
-4068
-4065
-4040
-4048
-4054
-4016
-4043
-4039
-4046
-4039
-4040
-4031
-4045
-4050
-4044
-4057
-4056
-4041
-4063
-4055
-4085
-4035
-4059
-4058
-4059
-4055
-4060
-4053
-4064
-4058
-4065
-4071
-4071
-4072
-4083
-4066
-4088
-4041
-4041
-4082
-4059
-4084
-4083
-4041
-0
-0
-0
-0
-0
-0
-0
-0
-0
-4041
-4041
-4041
-4041
-4041
-4041
-4041
-4041
-4041
-4041
-4041
-4041
-4041
-4041
-4041
-4041
-0
-0
-0
-0
-0
-0
-0
-0
-0
-0
-0
-0
-0
-0
-0
-0
-3950
-3950
-3950
-3950
-3956
-3958
-3950
-3964
-3953
-3953
-3958
-3970
-3962
-3963
-3954
-3969
-3959
-3973
-3968
-3970
-3953
-3971
-3966
-3972
-3976
-3970
-3973
-3975
-3970
-3965
-3965
-3979
-3958
-3971
-3956
-3963
-3944
-3962
-3960
-3969
-3959
-3971
-3961
-3981
-3966
-3977
-3966
-3992
-3968
-3965
-3960
-3965
-3954
-3963
-3960
-3959
-3965
-3953
-3971
-3969
-3970
-3971
-3971
-3986
-3959
-3950
-3953
-3949
-3947
-3963
-3960
-3961
-3962
-3970
-3960
-3973
-3971
-3985
-3974
-3978
-3963
-3959
-3953
-3975
-3957
-3965
-3952
-3957
-3963
-3967
-3952
-3964
-3973
-3973
-3969
-3965
-3960
-3962
-3954
-3961
-3951
-3945
-3939
-3951
-3958
-3956
-3956
-3956
-3966
-3966
-3966
-3953
-0
-0
-0
-0
-0
-0
-0
-0
-0
-0
-0
-0
-0
-0
-0
-0
-3945
-3951
-3952
-3944
-3943
-3945
-3945
-3949
-3943
-3932
-3950
-3962
-3955
-3945
-3928
-3982
-3967
-3971
-3981
-3978
-3964
-3982
-3967
-3973
-3977
-3972
-3984
-3968
-3989
-4006
-3996
-3996
-3963
-3975
-3970
-3974
-3966
-3974
-3962
-3972
-3966
-3974
-3968
-3977
-3979
-3979
-3989
-3992
-3959
-3961
-3967
-3957
-3962
-3961
-3963
-3975
-3974
-3970
-3967
-3975
-3971
-3978
-3973
-3969
-3956
-3962
-3962
-3963
-3954
-3949
-3963
-3960
-3949
-3973
-3955
-3966
-3972
-3969
-3974
-3982
-3957
-3959
-3956
-3944
-3939
-3965
-3960
-3960
-3960
-3965
-3961
-3963
-3977
-3967
-3967
-3972
-3956
-3954
-3948
-3963
-3949
-3960
-3967
-3960
-3962
-3961
-3955
-3964
-3971
-3976
-3960
-3978
-0
-0
-0
-0
-0
-0
-0
-0
-0
-0
-0
-0
-0
-0
-0
-0
-3955
-3951
-3948
-3949
-3950
-3952
-3953
-3965
-3953
-3970
-3952
-3971
-3963
-3977
-3979
-3982
-3964
-3977
-3974
-3980
-3978
-3968
-3973
-3969
-3969
-3970
-3970
-3962
-3968
-3975
-3977
-3977
-3957
-3977
-3956
-3966
-3966
-3972
-3968
-3966
-3973
-3977
-3971
-3980
-3979
-3980
-3975
-3979
-3965
-3970
-3974
-3986
-3965
-3968
-3975
-3986
-3990
-3976
-3984
-3990
-3986
-3986
-3993
-3999
-3973
-3971
-3959
-3974
-3967
-3976
-3962
-3970
-3952
-3973
-3983
-3983
-3978
-3987
-3990
-3999
-3992
-3980
-3992
-3994
-3980
-3975
-3968
-3970
-3965
-3969
-3971
-3981
-3978
-3982
-3986
-3981
-3981
-3981
-3964
-3981
-3981
-3981
-3981
-0
-0
-0
-0
-0
-0
-0
-0
-0
-0
-0
-0
-0
-0
-0
-0
-0
-0
-0
-0
-0
-0
-0
-0
-0
-3935
-3937
-3957
-3952
-3937
-3950
-3958
-3953
-3958
-3966
-3966
-3976
-3962
-3967
-3966
-3973
-3966
-3965
-3963
-3973
-3967
-3974
-3956
-3968
-3964
-3966
-3967
-3970
-3983
-3984
-3988
-3981
-3946
-3961
-3959
-3961
-3951
-3960
-3959
-3968
-3959
-3973
-3964
-3959
-3968
-3966
-3973
-3979
-3957
-3956
-3948
-3960
-3959
-3954
-3956
-3966
-3963
-3981
-3959
-3966
-3971
-3961
-3959
-3978
-3952
-3971
-3952
-3959
-3959
-3952
-3955
-3963
-3966
-3967
-3963
-3972
-3975
-3973
-3968
-3971
-3950
-3965
-3963
-3969
-3962
-3963
-3949
-3967
-3965
-3970
-3974
-3974
-3979
-3984
-3980
-3983
-3942
-3955
-3951
-3961
-3952
-3960
-3960
-3957
-3960
-3961
-3969
-3962
-3962
-3967
-3970
-3977
-0
-0
-0
-0
-0
-0
-0
-0
-0
-0
-0
-0
-0
-0
-0
-0
-3960
-3966
-3958
-3977
-3961
-3966
-3965
-3966
-3975
-3977
-3973
-3977
-3991
-3993
-3985
-3983
-3976
-3984
-3970
-3980
-3963
-3979
-3962
-3981
-3977
-3978
-3981
-3990
-3989
-3977
-3972
-3972
-0
-0
-0
-0
-0
-0
-0
-0
-0
-0
-0
-0
-0
-0
-0
-0
-0
-0
-0
-0
-0
-0
-0
-0
-0
-0
-0
-0
-0
-0
-0
-0
-0
-0
-0
-0
-0
-0
-0
-0
-0
-0
-0
-0
-0
-0
-0
-0
-0
-0
-0
-0
-0
-0
-0
-0
-0
-0
-0
-0
-0
-0
-0
-0
-0
-0
-0
-0
-0
-0
-0
-0
-0
-0
-0
-0
-0
-0
-0
-0
