-0
-0
-0
-0
-0
-0
-0
-0
-0
-0
-0
-0
-0
-0
-0
-0
-0
-3969
-3969
-3969
-3969
-3969
-3969
-3969
-3969
-3969
-3969
-3969
-3969
-0
-0
-3969
-3969
-3969
-3969
-3969
-3969
-3969
-3969
-3969
-3969
-3969
-3969
-3969
-3969
-3969
-3969
-3969
-3936
-3973
-3967
-3970
-3974
-3968
-3961
-3972
-3976
-3969
-3990
-3969
-3969
-3969
-3969
-3969
-3961
-3968
-3955
-3958
-3971
-3960
-3951
-3971
-3958
-3968
-3971
-3982
-3973
-3982
-3976
-3979
-3960
-3961
-3966
-3970
-3956
-3961
-3946
-3968
-3956
-3978
-3975
-3980
-3980
-3976
-3987
-3985
-3972
-3968
-3971
-3961
-3999
-3966
-3967
-3969
-3961
-3974
-3967
-3965
-3972
-3973
-3968
-3973
-3921
-3936
-3925
-3935
-3923
-3939
-3934
-3937
-3944
-3944
-3950
-3930
-3945
-3961
-3933
-3961
-0
-0
-0
-0
-0
-0
-0
-0
-0
-0
-0
-0
-0
-0
-0
-0
-3982
-3982
-3989
-3985
-3989
-4016
-3996
-3997
-4019
-4009
-4018
-4044
-4024
-4034
-4002
-4012
-4006
-4013
-4011
-4013
-4008
-4018
-4021
-4023
-4026
-4027
-4016
-4018
-4033
-4019
-4028
-4060
-4004
-4024
-4015
-4016
-4014
-4028
-4019
-4024
-4027
-4046
-4033
-4067
-4068
-4035
-4039
-4060
-4034
-4014
-4016
-4023
-4030
-4018
-4016
-4024
-4035
-4029
-4049
-4047
-4039
-4045
-4043
-4076
-4017
-4041
-4025
-4041
-4026
-4036
-4043
-4042
-4049
-4041
-4058
-4062
-4052
-4073
-4051
-4066
-4066
-4092
-4068
-4064
-4030
-4073
-4073
-0
-0
-0
-0
-0
-0
-0
-0
-0
-3960
-3960
-3960
-3960
-3960
-3960
-3960
-3960
-3960
-3960
-3960
-3960
-3960
-3960
-3960
-3960
-0
-0
-0
-0
-0
-0
-0
-0
-0
-0
-0
-0
-0
-0
-0
-0
-3960
-3960
-3960
-3960
-3960
-3960
-3960
-3960
-3960
-3960
-3953
-3960
-3962
-3960
-3945
-3955
-3959
-3964
-3956
-3970
-3960
-3968
-3950
-3970
-3966
-3965
-3959
-3965
-3963
-3962
-3953
-3969
-3947
-3954
-3944
-3961
-3933
-3953
-3946
-3947
-3953
-3956
-3957
-3968
-3961
-3965
-3950
-3986
-3958
-3955
-3940
-3958
-3950
-3952
-3941
-3954
-3952
-3939
-3952
-3958
-3959
-3967
-3964
-3977
-3952
-3941
-3949
-3945
-3945
-3951
-3951
-3949
-3956
-3956
-3954
-3957
-3961
-3977
-3965
-3975
-3957
-3949
-3938
-3973
-3961
-3955
-3936
-3954
-3955
-3967
-3944
-3963
-3973
-3956
-3960
-3958
-3959
-3947
-3948
-3958
-3947
-3936
-3935
-3933
-3951
-3945
-3942
-3943
-3958
-3953
-3951
-3940
-0
-0
-0
-0
-0
-0
-0
-0
-0
-0
-0
-0
-0
-0
-0
-0
-3925
-3932
-3934
-3930
-3929
-3930
-3926
-3937
-3932
-3939
-3930
-3938
-3944
-3922
-3907
-3922
-3965
-3968
-3986
-3967
-3963
-3965
-3965
-3965
-3965
-3965
-3965
-3965
-3965
-3965
-3965
-3965
-3957
-3972
-3956
-3970
-3958
-3968
-3953
-3963
-3953
-3969
-3972
-3963
-3975
-3978
-3986
-3982
-3951
-3950
-3954
-3948
-3943
-3959
-3948
-3958
-3967
-3957
-3952
-3966
-3965
-3972
-3961
-3961
-3932
-3949
-3945
-3952
-3941
-3934
-3952
-3943
-3941
-3967
-3939
-3952
-3967
-3960
-3960
-3958
-3944
-3953
-3947
-3949
-3951
-3941
-3950
-3942
-3952
-3952
-3960
-3952
-3967
-3957
-3964
-3959
-3949
-3936
-3939
-3945
-3941
-3947
-3945
-3955
-3941
-3949
-3939
-3945
-3952
-3962
-3961
-3964
-0
-0
-0
-0
-0
-0
-0
-0
-0
-0
-0
-0
-0
-0
-0
-0
-3944
-3939
-3942
-3928
-3932
-3942
-3935
-3953
-3948
-3962
-3950
-3964
-3949
-3968
-3971
-3978
-3952
-3962
-3958
-3944
-3967
-3953
-3969
-3950
-3950
-3952
-3964
-3950
-3960
-3965
-3970
-3975
-3951
-3960
-3942
-3953
-3962
-3960
-3952
-3940
-3962
-3964
-3954
-3964
-3973
-3976
-3969
-3973
-3945
-3960
-3969
-3969
-3951
-3948
-3959
-3976
-3975
-3967
-3961
-3987
-3972
-3975
-3979
-3990
-3950
-3952
-3939
-3943
-3941
-3953
-3947
-3948
-3966
-3951
-3965
-3964
-3974
-3973
-3976
-3984
-3973
-3998
-3973
-3973
-3982
-3973
-3973
-3980
-3980
-3952
-3956
-3957
-3955
-3959
-3959
-3964
-3973
-3973
-3973
-3973
-3973
-3973
-3973
-0
-0
-0
-0
-0
-0
-0
-0
-0
-0
-0
-0
-0
-0
-0
-0
-0
-0
-0
-0
-0
-0
-0
-0
-0
-3961
-3961
-3961
-3961
-3961
-3961
-3948
-3949
-3961
-3963
-3968
-3958
-3961
-3955
-3962
-3970
-3957
-3951
-3949
-3962
-3961
-3957
-3948
-3959
-3959
-3952
-3958
-3956
-3970
-3975
-3982
-3973
-3934
-3955
-3947
-3943
-3937
-3952
-3958
-3951
-3956
-3961
-3941
-3953
-3956
-3958
-3957
-3965
-3956
-3953
-3939
-3949
-3946
-3935
-3945
-3954
-3947
-3982
-3956
-3956
-3957
-3968
-3951
-3971
-3940
-3950
-3941
-3949
-3950
-3945
-3944
-3952
-3954
-3953
-3954
-3954
-3959
-3959
-3951
-3977
-3929
-3947
-3953
-3945
-3952
-3952
-3940
-3947
-3949
-3955
-3959
-3967
-3973
-3974
-3973
-3984
-3934
-3945
-3937
-3946
-3940
-3955
-3942
-3948
-3954
-3950
-3955
-3951
-3951
-3967
-3959
-3969
-0
-0
-0
-0
-0
-0
-0
-0
-0
-0
-0
-0
-0
-0
-0
-0
-3944
-3949
-3944
-3959
-3944
-3949
-3945
-3949
-3956
-3953
-3956
-3960
-3971
-3966
-3968
-3968
-3957
-3971
-3948
-3963
-3954
-3954
-3947
-3954
-3956
-3963
-3968
-3970
-3972
-3970
-3963
-5199
-0
-0
-0
-0
-0
-0
-0
-0
-0
-0
-0
-0
-0
-0
-0
-0
-0
-0
-0
-0
-0
-0
-0
-0
-0
-0
-0
-0
-0
-0
-0
-0
-0
-0
-0
-0
-0
-0
-0
-0
-0
-0
-0
-0
-0
-0
-0
-0
-0
-0
-0
-0
-0
-0
-0
-0
-0
-0
-0
-0
-0
-0
-0
-0
-0
-0
-0
-0
-0
-0
-0
-0
-0
-0
-0
-0
-0
-0
-0
-0
