-0
-0
-0
-0
-0
-0
-0
-0
-0
-0
-0
-0
-0
-0
-0
-0
-3910
-3905
-3919
-3897
-3901
-3900
-3900
-3900
-3900
-3900
-3900
-3900
-3900
-3900
-0
-0
-3912
-3915
-3862
-3922
-3916
-3907
-3914
-3933
-3925
-3900
-3900
-3900
-3900
-3900
-3900
-3947
-3889
-3905
-3899
-3906
-3897
-3900
-3895
-3902
-3902
-3892
-3906
-3906
-3893
-3903
-3911
-3911
-3891
-3901
-3897
-3894
-3903
-3895
-3898
-3909
-3898
-3904
-3906
-3912
-3913
-3921
-3909
-3911
-3892
-3894
-3893
-3905
-3887
-3895
-3884
-3893
-3896
-3904
-3906
-3914
-3906
-3912
-3913
-3912
-3904
-3901
-3898
-3891
-3909
-3903
-3900
-3901
-3890
-3907
-3900
-3907
-3906
-3909
-3909
-3907
-3856
-3866
-3851
-3862
-3857
-3867
-3869
-3862
-3859
-3869
-3873
-3866
-3871
-3875
-3863
-3889
-0
-0
-0
-0
-0
-0
-0
-0
-0
-0
-0
-0
-0
-0
-0
-0
-3909
-3907
-3920
-3917
-3920
-3929
-3920
-3926
-3929
-3939
-3938
-3952
-3938
-3948
-3929
-3942
-3927
-3938
-3933
-3941
-3936
-3937
-3942
-3952
-3945
-3956
-3954
-3955
-3957
-3958
-3953
-3970
-3927
-3961
-3952
-3943
-3951
-3955
-3941
-3962
-3959
-3970
-3959
-3986
-3973
-3956
-3972
-3980
-3967
-3963
-3958
-3966
-3965
-3968
-3956
-3972
-3962
-3970
-3979
-3981
-3971
-3989
-3974
-3999
-3987
-3989
-3953
-3986
-3977
-3989
-3972
-3985
-3991
-3988
-4001
-4000
-3997
-4011
-4002
-3989
-3989
-4037
-4025
-4024
-4011
-3998
-5034
-0
-0
-0
-0
-0
-0
-0
-0
-0
-4008
-4008
-4008
-4008
-4008
-4008
-4008
-4002
-4015
-4032
-4014
-4021
-4021
-4033
-4027
-4048
-0
-0
-0
-0
-0
-0
-0
-0
-0
-0
-0
-0
-0
-0
-0
-0
-3915
-3902
-3920
-3907
-3887
-3892
-3889
-3892
-3895
-3895
-3883
-3901
-3895
-3897
-3886
-3902
-3891
-3900
-3898
-3901
-3898
-3903
-3892
-3901
-3901
-3900
-3900
-3903
-3894
-3898
-3895
-3907
-3885
-3895
-3888
-3897
-3877
-3894
-3890
-3894
-3888
-3898
-3890
-3907
-3899
-3908
-3891
-3921
-3893
-3894
-3888
-3897
-3889
-3891
-3887
-3890
-3894
-3879
-3900
-3894
-3895
-3898
-3899
-3912
-3889
-3881
-3886
-3882
-3892
-3895
-3889
-3884
-3892
-3896
-3894
-3901
-3901
-3913
-3903
-3907
-3884
-3893
-3883
-3880
-3884
-3895
-3879
-3891
-3893
-3898
-3881
-3896
-3897
-3901
-3896
-3894
-3890
-3888
-3883
-3889
-3884
-3863
-3878
-3879
-3884
-3886
-3869
-3883
-3890
-3895
-3895
-3888
-0
-0
-0
-0
-0
-0
-0
-0
-0
-0
-0
-0
-0
-0
-0
-0
-3879
-3878
-3877
-3873
-3847
-3856
-3869
-3884
-3875
-3878
-3878
-3888
-3891
-3866
-3860
-3860
-3897
-3898
-3906
-3899
-3898
-3901
-3893
-3904
-3902
-3903
-3901
-3902
-3908
-3916
-3918
-3994
-3892
-3902
-3893
-3902
-3892
-3895
-3881
-3894
-3895
-3894
-3894
-3897
-3899
-3905
-3909
-3919
-3886
-3883
-3889
-3884
-3884
-3866
-3882
-3892
-3898
-3894
-3892
-3896
-3902
-3899
-3895
-3901
-3877
-3887
-3887
-3891
-3873
-3865
-3886
-3885
-3877
-3897
-3884
-3892
-3890
-3900
-3898
-3907
-3861
-3891
-3885
-3890
-3878
-3889
-3890
-3888
-3892
-3889
-3889
-3889
-3897
-3897
-3891
-3892
-3882
-3881
-3874
-3883
-3878
-3887
-3887
-3888
-3883
-3890
-3882
-3892
-3894
-3893
-3888
-3901
-0
-0
-0
-0
-0
-0
-0
-0
-0
-0
-0
-0
-0
-0
-0
-0
-3882
-3879
-3880
-3878
-3873
-3882
-3874
-3891
-3883
-3889
-3893
-3898
-3892
-3900
-3901
-3907
-3894
-3904
-3900
-3896
-3903
-3896
-3901
-3888
-3894
-3900
-3883
-3887
-3897
-3907
-3901
-3914
-3880
-3898
-3888
-3897
-3896
-3899
-3898
-3896
-3898
-3905
-3903
-3900
-3908
-3907
-3900
-3906
-3897
-3900
-3898
-3901
-3896
-3894
-3896
-3912
-3898
-3905
-3904
-3921
-3913
-3916
-3913
-3917
-3899
-3900
-3889
-3890
-3891
-3904
-3892
-3905
-3901
-3898
-3901
-3907
-3909
-3902
-3920
-3922
-3918
-3910
-3898
-3909
-3906
-3896
-3838
-3850
-3902
-3869
-3905
-3904
-3904
-3909
-3916
-3909
-3909
-3909
-3909
-3909
-3890
-3885
-3909
-0
-0
-0
-0
-0
-0
-0
-0
-0
-0
-0
-0
-0
-0
-0
-0
-0
-0
-0
-0
-0
-0
-0
-0
-0
-3870
-3881
-3878
-3881
-3870
-3882
-3877
-3881
-3892
-3892
-3895
-3901
-3891
-3895
-3896
-3906
-3899
-3895
-3895
-3903
-3894
-3899
-3885
-3899
-3896
-3890
-3897
-3903
-3905
-3910
-3912
-3908
-3875
-3892
-3886
-3888
-3881
-3892
-3891
-3896
-3894
-3899
-3887
-3891
-3880
-3894
-3900
-3906
-3889
-3876
-3879
-3894
-3885
-3883
-3886
-3895
-3891
-3906
-3895
-3893
-3898
-3903
-3879
-3909
-3880
-3904
-3883
-3891
-3887
-3886
-3886
-3893
-3893
-3893
-3896
-3896
-3903
-3904
-3896
-3915
-3884
-3901
-3890
-3898
-3900
-3896
-3884
-3891
-3893
-3898
-3899
-3906
-3906
-3911
-3909
-3914
-3871
-3882
-3878
-3865
-3885
-3888
-3873
-3873
-3880
-3892
-3900
-3881
-3896
-3903
-3880
-3910
-0
-0
-0
-0
-0
-0
-0
-0
-0
-0
-0
-0
-0
-0
-0
-0
-3867
-3891
-3887
-3886
-3894
-3848
-3895
-3897
-3900
-3898
-3903
-3887
-3912
-3915
-3915
-3911
-3908
-3914
-3897
-3911
-3908
-3908
-3904
-3908
-3909
-3899
-3917
-3916
-3921
-3913
-3895
-5103
-0
-0
-0
-0
-0
-0
-0
-0
-0
-0
-0
-0
-0
-0
-0
-0
-0
-0
-0
-0
-0
-0
-0
-0
-0
-0
-0
-0
-0
-0
-0
-0
-0
-0
-0
-0
-0
-0
-0
-0
-0
-0
-0
-0
-0
-0
-0
-0
-0
-0
-0
-0
-0
-0
-0
-0
-0
-0
-0
-0
-0
-0
-0
-0
-0
-0
-0
-0
-0
-0
-0
-0
-0
-0
-0
-0
-0
-0
-0
-0

