0
0
0
0
0
0
0
0
0
0
0
0
0
0
0
0
109
132
138
154
167
182
0
0
0
0
0
0
0
0
0
0
180
172
179
179
180
187
174
182
173
179
179
171
181
172
172
171
187
179
187
179
187
179
187
179
180
179
181
173
174
173
171
157
180
172
173
167
177
174
173
166
161
173
172
158
171
163
163
154
168
167
180
166
173
166
171
167
159
158
164
152
150
149
150
156
172
163
172
165
160
163
164
161
172
165
161
165
164
163
159
157
173
175
181
174
180
179
175
166
179
162
172
165
166
166
164
157
0
0
0
0
0
0
0
0
0
0
0
0
0
0
0
0
0
171
173
171
175
172
168
165
166
166
160
159
155
151
159
148
158
158
158
159
157
159
159
158
149
145
150
149
143
145
156
147
168
164
165
161
172
157
165
161
153
135
154
150
141
147
144
138
154
158
156
156
153
153
151
149
141
138
147
131
133
135
121
131
161
148
149
149
158
150
156
150
151
147
147
142
143
143
136
133
158
158
148
155
156
150
155
151
150
143
155
141
149
142
126
36
197
188
203
190
198
195
197
198
195
195
195
195
188
195
197
-223
0
0
0
0
0
0
0
0
0
0
0
0
0
0
0
0
196
189
196
187
196
195
188
196
190
188
188
181
183
182
181
177
183
172
180
173
179
173
174
173
173
175
172
168
173
173
175
166
181
173
180
176
176
173
185
176
181
169
180
171
171
163
167
147
182
176
181
180
180
180
180
180
181
174
172
172
173
172
167
164
171
165
172
172
175
175
175
167
172
168
164
160
162
162
162
158
149
155
153
151
158
153
157
152
151
142
159
162
166
165
160
158
171
164
172
163
161
157
166
154
157
153
162
150
154
142
148
137
0
0
0
0
0
0
0
0
0
0
0
0
0
0
0
0
194
179
179
172
180
173
179
178
164
170
164
158
163
157
148
151
0
0
0
0
0
0
0
0
263
339
346
340
361
0
355
348
357
356
357
348
360
356
359
348
355
355
350
340
347
343
341
334
360
357
355
342
356
350
352
341
351
356
351
348
348
348
350
337
362
350
352
343
351
352
348
343
350
350
347
349
347
342
343
339
355
350
354
342
353
350
350
343
355
349
352
348
356
348
348
347
357
351
352
346
355
350
351
343
350
348
351
347
351
349
346
345
0
0
0
0
0
0
0
0
0
0
0
0
0
0
0
0
380
379
377
365
375
371
375
365
371
375
370
361
363
371
367
347
363
358
366
352
367
361
370
355
362
361
367
365
371
366
367
355
0
328
316
351
365
365
368
360
374
366
375
365
363
363
359
346
363
359
358
351
359
360
366
355
363
364
349
291
0
0
0
343
357
357
357
347
360
358
364
351
356
358
355
348
355
350
348
343
354
348
349
347
355
347
-815
0
161
364
0
348
355
0
0
344
364
362
361
351
359
359
357
353
362
358
362
357
362
342
0
0
0
0
0
0
0
0
0
0
0
0
0
0
0
0
0
0
0
0
0
0
0
0
0
0
0
0
0
0
0
0
0
0
0
0
0
0
0
0
0
0
0
0
0
0
0
0
0
0
0
0
0
0
0
0
0
0
0
0
0
0
0
0
0
0
0
0
0
0
0
0
0
0
0
0
0
0
0
0
0
0
0
0
0
0
0
0
0
0
0
0
0
0
0
0
0
0
0
0
0
0
0
0
0
0
0
0
0
0
0
0
0
0
0
0
0
0
0
0
0
0
0
0
0
0
0
0
0
0
0
0
0
0
0
0
0
0
0
0
0
0
0
0
0
0
0
0
0
0
0
0
0
0
0
0
0
0
0
0
0
0
0
0
0
0
0
0
0
0
0
0
0
0
0
0
0
0
0
0
0
0
0
0
0
0
0
0
0
0
0
0
0
0
0
0
0
0
0
0
0
0
0
0
0
0
0
0
0
0
0
0
0
