479 505
3 0 1 0
3 11 0.321125 4.51678 -2.66519 -0.0988475 5.46171 0.587916 -3.87978 -0.379894 1.14975 0.0569958 -0.118397 11 0.997614 -0.0100744 0.0175248 -0.00208177 -0.0409415 -0.000983244 0.0305529 0.00141052 -0.0092394 -0.000245829 0.000959874 11 2.46736e-06 6.00652e-06 -1.83713e-05 1.21983e-05 4.11045e-05 -6.6594e-06 -3.1044e-05 7.44788e-07 9.53634e-06 4.00356e-08 -1.00354e-06
3 2 -1.23047 -0.0131573 2 1.00968 -0.000355281 2 -1.10471e-05 2.98353e-07
3 3 0.280153 -0.00464367 0.0559355 1 0.99742 1 2.40873e-06
1016 1104
3 0 1 0
4 5 -0.081326 6.76618 1.3238 -0.654746 -0.385927 7 0.997231 -0.0275391 -0.0151732 0.00512257 0.0067995 -0.000149214 -0.000581421 5 1.53723e-05 5.1982e-05 2.27924e-05 -9.60161e-06 -8.90763e-06 5 -1.54762e-08 -2.98799e-08 -1.58069e-08 6.24129e-09 6.60474e-09
4 2 -0.0570018 0.0730056 2 1.00138 -0.00109339 2 -4.70671e-06 2.19882e-06 2 4.27972e-09 -1.27299e-09
4 8 0.309885 0.0678964 0.0305663 -0.039241 -0.0376551 0.0392017 0.00791324 -0.00776298 8 0.993199 0.000827329 -0.000252688 0.000303159 0.000301522 -0.000306549 -6.02835e-05 5.96434e-05 8 2.21835e-05 -3.8967e-06 5.07995e-07 -7.20713e-07 -6.05292e-07 7.20758e-07 1.12339e-07 -1.35527e-07 4 -1.99446e-08 3.81947e-09 1.93362e-10 -6.20133e-11
1124 1287
3 0 1 0
4 6 0.431672 6.88048 0.941761 -1.80222 -0.126131 0.342899 6 0.995362 -0.0294332 -0.0123727 0.0191335 0.00257357 -0.00410087 6 1.1931e-05 5.58937e-05 3.56856e-05 -4.97701e-05 -9.18127e-06 1.17304e-05 6 -8.84095e-09 -3.33845e-08 -3.1344e-08 3.85909e-08 8.80498e-09 -9.73372e-09
4 3 2.19596 0.0201903 0.00675495 3 0.979538 -0.00083529 -6.544e-05 3 4.7794e-05 1.36513e-06 1.50734e-07 3 -3.273e-08 -6.12268e-10 -1.02207e-10
4 6 -0.0497406 -0.119522 1.05533 0.576284 -0.713169 -0.384029 6 0.999568 0.00130839 -0.00934398 -0.006324 0.00665873 0.00408159 6 4.38988e-06 -2.97682e-06 1.97581e-05 2.15537e-05 -1.57638e-05 -1.24668e-05 6 -5.21817e-09 1.78453e-09 -1.22112e-08 -1.89657e-08 1.09186e-08 1.04023e-08
eof
