0
0
0
0
0
0
0
0
0
0
0
0
0
0
0
0
0
0
0
0
0
0
0
0
-1021
-643
-911
-975
-997
-1059
-976
-696
-97
-109
-108
-118
-100
-96
-99
-112
-97
-95
-98
-104
-1519
-1126
-597
-105
-95
-103
-103
-952
-1447
-106
-100
-104
-100
-99
-103
-104
-102
-105
-106
-111
-95
-99
-97
-1251
-96
-103
-110
-116
-1109
-87
-103
-102
-101
-107
-106
-104
-90
-96
-96
-110
-94
-93
-90
-104
-97
-98
-96
-102
-100
-106
-106
-122
-102
-102
-93
-116
-119
-95
-105
-102
-89
-82
-94
-104
-98
-99
-104
-102
-98
-94
-91
-1122
-92
-91
-93
-106
-95
-422
-1188
-99
-99
-105
-98
-120
0
0
0
0
0
0
0
0
0
0
0
0
0
0
0
0
-667
-1218
-667
-668
-743
-668
-667
-676
-662
-654
-665
-669
-669
-667
-674
-677
-680
-1343
-1892
-734
-1164
-678
-1942
-1255
-658
-653
-666
-1090
-1855
-2011
-666
-679
-667
-676
-2115
-1780
-648
-669
-670
-666
-668
-660
-667
-675
-657
-660
-658
-676
-668
-665
-2030
-1948
-2069
-666
-660
-672
-662
-668
-1461
-671
-664
-672
-667
-674
-1289
-747
-918
-1502
-665
-662
-1114
-2001
-1572
-1066
-1039
-969
-1764
-1301
-1744
-1459
-1669
-653
-1231
-1818
-1225
-1076
-1918
-857
-1720
-1643
-1154
-1273
-1544
-765
0
0
0
0
0
0
0
0
0
0
0
0
0
0
0
0
0
0
0
0
0
0
0
0
0
0
0
0
0
0
0
0
0
0
0
0
0
0
0
0
0
0
0
0
0
0
0
0
0
0
0
0
0
0
0
0
0
0
0
0
0
0
0
0
0
0
0
0
0
0
0
0
0
0
0
0
0
0
0
0
0
0
0
0
0
0
0
0
0
0
0
0
0
0
0
0
0
0
0
0
0
0
0
0
0
0
0
0
0
0
0
0
0
0
0
0
0
0
0
0
0
0
0
0
0
0
0
0
0
0
0
0
0
0
0
0
0
0
0
0
0
0
0
0
0
0
0
0
0
0
0
0
0
0
0
0
0
0
0
0
0
0
0
0
0
0
0
0
0
0
0
0
0
0
0
0
0
0
0
0
0
0
0
0
0
0
0
-153
-150
-158
-145
-144
-153
-159
-146
-149
-147
-156
-145
-146
-139
-152
-142
-136
-140
-150
-142
-143
-144
-152
-131
-132
-130
-142
-135
-140
-136
-148
-134
-136
-136
-144
-138
-8001
-141
-149
-127
-126
-138
-142
-132
-132
-136
-153
-148
-138
-136
-137
-138
-142
-141
-148
-135
-139
-138
-147
-136
-134
-135
-143
-133
-140
-134
-145
-130
-8001
-132
-143
-8001
-133
-135
-133
-123
-135
-134
-135
-134
-136
-141
-135
-142
-141
-142
-155
-8001
-4467
-8001
-8001
-8001
-8001
-8001
-8001
-8001
-8001
-8001
-8001
-8001
-8001
-8001
-8001
-8001
-139
-140
-148
-136
-136
-141
-147
-138
-138
-139
-152
-141
-149
-147
-145
-137
-1510
-149
-154
-946
-154
-150
-337
-148
-153
-149
-782
-995
-1594
-151
-303
-747
-155
-669
-144
-539
-146
-141
-155
-140
-148
-175
-148
-7987
-8001
-149
-164
-158
-160
-147
-152
-146
-145
-143
-622
-187
-145
-951
-158
-212
-155
-145
-185
-8001
-151
-143
-161
-145
-149
-142
-151
-146
-145
-144
-146
-142
-146
-137
-1120
-139
-153
-148
-159
-884
-416
-145
-706
-358
-1581
-152
-537
-198
-1619
-192
-638
-122
-1162
-176
-1741
-1632
-130
-8001
-211
-1441
-210
-765
-8001
-119
-525
-8001
-8001
-8001
-4468
-8001
-8001
-8001
-8001
-8001
-8001
-8001
-8001
-8001
-8001
-8001
-8001
-8001
-8001
-8001
-8001
-8001
-8001
-8001
-8001
-8001
-8001
-8001
-8001
-8001
-8001
-8001
-8001
-8001
-8001
-8001
-8001
-8001
-8001
-8001
-8001
-8001
-8001
-8001
-8001
-8001
-8001
-8001
-8001
-8001
-8001
-8001
-8001
-8001
-8001
-8001
-8001
-8001
-8001
-8001
-8001
-8001
-8001
-8001
-8001
-8001
-8001
638
636
655
640
638
641
651
646
531
-5573
681
668
-2438
689
660
652
655
643
642
665
677
657
678
692
670
611
698
-2457
668
663
649
651
-236
-947
-247
-822
-235
-244
-230
-926
-170
-760
-1275
-1280
-683
-112
-103
-1285
-424
-300
-882
-1599
-1021
-1624
-1050
-1637
-1033
-996
-976
-938
-940
-970
-977
-973
-8001
-4468
-8001
-8001
-8001
-8001
-8001
-8001
-8001
-8001
-8001
-8001
-8001
-8001
-8001
-4484
-8001
-8001
-8001
-8001
-8001
-8001
-8001
-8001
-8001
-8001
-8001
-8001
-8001
-8001
-8001
-8001
-8001
-8001
-8001
-8001
-8001
-8001
-8001
-8001
-8001
-8001
-8001
-8001
-8001
-8001
-8001
-8001
-8001
-8001
-8001
-8001
-8001
-8001
-8001
-8001
-8001
-8001
-8001
-8001
-8001
-8001
-8001
-8001
-8001
-8001
-8001
-8001
-8001
-8001
-1397
-1105
-2625
-392
-404
-365
-2544
-379
-2850
-2469
-8001
-8001
-8001
-8001
-8001
-8001
-8001
-8001
-8001
-8001
-8001
-8001
-8001
-8001
-8001
-8001
-8001
-8001
-8001
-8001
-8001
-8001
-8001
-8001
-8001
-8001
-8001
-8001
-8001
-8001
-8001
-8001
-8001
-8001
-8001
-8001
-8001
-8001
-8001
-8001
-8001
-8001
-8001
-8001
-8001
-8001
-8001
-8001
