0
0
0
0
0
0
0
0
0
0
0
0
0
0
0
0
-563
-563
-563
-563
-447
-498
0
0
0
0
0
0
0
0
0
0
-477
-538
-553
-562
-557
-566
-562
-565
-571
-579
-580
-601
-573
-596
-598
-606
-576
-592
-577
-599
-576
-596
-578
-594
-588
-593
-584
-603
-598
-606
-609
-615
-579
-603
-605
-610
-593
-597
-601
-611
-611
-604
-606
-612
-610
-612
-613
-616
-598
-603
-580
-598
-593
-597
-603
-584
-602
-601
-606
-609
-609
-608
-609
-606
-595
-604
-591
-592
-587
-599
-592
-593
-580
-580
-585
-582
-579
-585
-584
-595
-579
-579
-578
-579
-578
-579
-578
-580
-578
-579
-578
-580
-579
-579
-580
-595
0
0
0
0
0
0
0
0
0
0
0
0
0
0
0
0
233
226
231
240
260
249
252
242
245
244
238
233
229
225
242
229
232
232
234
232
233
232
234
232
225
226
228
225
225
223
225
0
0
0
-724
233
252
231
260
242
238
226
242
234
227
229
226
224
246
254
260
249
237
-651
0
0
0
0
0
0
0
213
224
225
259
231
236
232
245
238
247
234
232
238
238
251
237
236
224
223
268
243
0
0
254
0
-675
228
231
217
215
218
203
211
216
0
262
264
264
264
264
265
265
264
266
267
268
269
273
273
282
0
0
0
0
0
0
0
0
0
0
0
0
0
0
0
0
0
260
260
261
260
261
261
261
261
262
250
254
247
249
245
244
243
260
231
240
231
238
232
230
236
231
231
227
227
229
228
228
224
260
245
260
256
260
249
260
257
260
243
260
235
238
228
235
221
260
260
260
256
247
256
252
253
252
241
240
244
255
251
243
236
241
232
242
240
257
260
260
257
260
260
254
245
249
249
244
234
225
230
227
230
234
230
236
228
227
223
228
227
224
222
224
223
261
247
234
226
227
229
232
226
223
221
228
222
224
221
222
222
0
0
0
0
0
0
0
0
0
0
0
0
0
0
0
0
-590
-605
-599
-598
-595
-594
-580
-580
-581
-580
-580
-603
-589
-602
-606
-606
0
0
0
0
0
0
0
0
-506
-530
-536
-536
-536
-536
-537
-538
-533
-537
-535
-538
-535
-537
-533
-538
-537
-536
-537
-539
-538
-538
-538
-539
0
-528
-524
-536
-531
-534
-532
-538
-533
-531
-531
-538
-535
-538
-537
-606
-514
-533
-531
-538
-536
-536
-537
-539
-537
-537
-538
-537
-538
-540
-539
-540
-528
-533
-529
-537
-530
-532
-532
-537
-528
-534
-529
-537
-527
-531
-529
-538
0
-527
-522
-531
-524
-525
-527
-534
-518
-522
-512
-524
-527
-530
-532
-538
0
0
0
0
0
0
0
0
0
0
0
0
0
0
0
0
340
340
340
337
340
339
339
324
340
338
346
324
329
329
336
311
327
320
329
312
322
318
317
306
331
320
329
322
330
320
324
310
340
341
338
308
328
314
324
305
318
316
336
320
326
321
323
307
315
317
319
308
311
309
325
305
308
324
309
304
304
307
303
301
306
306
307
301
309
304
316
305
308
317
309
304
308
308
305
303
310
309
312
305
314
306
322
308
309
312
311
303
305
308
306
305
340
340
340
328
340
339
340
317
340
338
339
340
340
321
0
0
0
0
0
0
0
0
0
0
0
0
0
