1
1
1
1
1
1
1
1
1
1
1
1
1
1
1
1
1
1
1
1
1
1
1
1
1
1
1
1
1
1
1
1
1
1
1
1
1
1
1
1
1
1
1
1
1
1
1
1
1
1
1
1
1
1
1
1
1
1
1
1
1
1
1
1
1
1
1
1
1
1
1
1
1
1
1
1
1
1
1
1
1
1
1
1
1
1
1
1
1
1
1
1
1
1
1
1
1
1
1
1
1
1
1
1
1
1
1
1
1
1
1
1
1
1
1
1
1
1
1
1
1
1
1
1
1
1
1
1
1
1
1
1
1
1
1
1
1
1
1
1
1
1
1
1
1
1
1
1
1
1
1
1
1
1
1
1
1
1
1
1
1
1
1
1
1
1
1
1
1
1
1
1
1
1
1
1
1
1
1
1
1
1
1
1
1
1
1
1
1
1
1
1
1
1
1
1
1
1
1
1
1
1
1
1
1
1
1
1
1
1
1
1
1
1
1
1
1
1
1
1
1
1
1
1
1
1
1
1
1
1
1
1
1
1
1
1
1
1
1
1
1
1
1
1
1
1
1
1
1
1
1
1
1
1
1
1
1
1
1
1
1
1
1
1
1
1
1
1
1
1
1
1
1
1
1
1
1
1
1
1
1
1
1
1
1
1
1
1
1
1
1
1
1
1
1
1
1
1
1
1
1
1
1
1
1
1
1
1
1
1
1
1
1
1
1
1
1
1
1
1
1
1
1
1
1
1
1
1
1
1
1
1
1
1
1
1
1
1
1
1
1
1
1
1
1
1
1
1
1
1
1
1
1
1
1
1
1
1
1
1
1
1
1
1
1
1
1
1
1
1
1
1
1
1
1
1
1
1
1
1
1
1
1
1
1
1
1
1
1
1
1
1
1
1
1
1
1
1
1
1
1
1
1
1
1
1
1
1
1
1
1
1
1
1
1
1
1
1
1
1
1
1
1
1
1
1
1
1
1
1
1
1
1
1
1
1
1
1
1
1
1
1
1
1
1
1
1
1
1
1
1
1
1
1
1
1
1
1
1
1
1
1
1
1
1
1
1
1
1
1
1
1
1
1
1
1
1
1
1
1
1
1
1
1
1
1
1
1
1
1
1
1
1
1
1
1
1
1
1
1
1
1
1
1
1
1
1
1
1
1
1
1
1
1
1
1
1
1
1
1
1
1
1
1
1
1
1
1
1
1
1
1
1
1
1
1
1
1
1
1
1
1
1
1
1
1
1
1
1
1
1
1
1
1
1
1
1
1
1
1
1
1
1
1
1
1
1
1
1
1
1
1
1
1
1
1
1
1
1
1
1
1
1
1
1
1
1
1
1
1
1
1
1
1
1
1
1
1
1
1
1
1
1
1
1
1
1
1
1
1
1
1
1
1
1
1
1
1
1
1
1
1
1
1
1
1
1
1
1
1
1
1
1
1
1
1
1
1
1
1
1
1
1
1
1
1
1
1
1
1
1
1
1
1
1
1
1
1
1
1
1
1
1
1
1
1
1
1
1
1
1
1
1
1
1
1
1
1
1
1
1
1
1
1
1
1
1
1
1
1
1
1
1
1
1
1
1
1
1
1
1
1
1
1
1
1
1
1
1
1
1
1
1
1
1
1
1
1
1
1
1
1
1
1
1
1
1
1
1
1
1
1
1
1
1
1
1
1
1
1
1
1
1
1
1
1
1
1
1
1
1
1
1
1
1
1
1
1
1
1
1
1
1
1
1
1
1
1
1
1
1
1
1
1
1
1
1
1
1
1
1
1
1
1
1
1
1
1
1
1
1
1
1
1
1
1
1
1
1
1
1
1
1
1
1
1
1
1
1
1
1
1
1
1
1
1
1
1
1
1
1
1
1
1
1
1
1
1
1
1
1
1
1
1
1
1
1
1
1
1
1
1
1
1
1
1
1
1
1
1
1
1
1
1
1
1
1
1
1
1
1
1
1
1
1
1
1
1
1
1
1
1
1
1
1
1
1
1
1
1
1
1
1
1
1
1
1
1
1
1
1
1
1
1
1
1
1
1
1
1
1
1
1
1
1
1
1
1
1
1
1
1
1
1
1
1
1
1
1
1
1
1
1
1
1
1
1
1
1
1
1
1
1
1
1
1
1
1
1
1
1
1
1
1
1
1
1
1
1
1
1
1
1
1
1
1
1
1
1
1
1
1
1
1
1
1
1
1
1
1
1
1
1
1
1
1
1
1
1
1
1
1
1
1
1
1
1
1
1
1
1
1
1
1
1
1
1
1
1
1
1
1
1
1
1
1
1
1
1
1
1
1
1
1
1
1
1
1
1
1
1
1
1
1
1
1
1
1
1
1
1
1
1
1
1
1
1
1
1
1
1
1
1
1
1
1
1
1
1
1
1
1
1
1
1
1
1
1
1
1
1
1
1
1
1
1
1
1
1
1
1
1
1
1
1
1
1
1
1
1
1
1
1
1
1
1
1
1
1
1
1
1
1
1
1
1
1
1
1
1
1
1
1
1
1
1
1
1
1
1
1
1
1
1
1
1
1
1
1
1
1
1
1
1
1
1
1
1
1
1
1
1
1
1
1
1
1
1
1
1
1
1
1
1
1
1
1
1
1
1
1
1
1
1
1
1
1
1
1
1
1
1
1
1
1
1
1
1
1
1
1
1
1
1
1
1
1
1
1
1
1
1
1
1
1
1
1
1
1
1
1
1
1
1
1
1
1
1
1
1
1
1
1
1
1
1
1
1
1
1
1
1
1
1
1
1
1
1
1
1
1
1
1
1
1
1
1
1
1
1
1
1
1
1
1
1
1
1
1
1
1
1
1
1
1
1
1
1
1
1
1
1
1
1
1
1
1
1
1
1
1
1
1
1
1
1
1
1
1
1
1
1
1
1
1
1
1
1
1
1
1
1
1
1
1
1
1
1
1
1
1
1
1
1
1
1
1
1
1
1
1
1
1
1
1
1
1
1
1
1
1
1
1
1
1
1
1
1
1
1
1
1
1
1
1
1
1
1
1
1
1
1
1
1
1
1
1
1
1
1
1
1
1
1
1
1
1
1
1
1
1
1
1
1
1
1
1
1
1
1
1
1
1
1
1
1
1
1
1
1
1
1
1
1
1
1
1
1
1
1
1
1
1
1
1
1
1
1
1
1
1
1
1
1
1
1
1
1
1
1
1
1
1
1
1
1
1
1
1
1
1
1
1
1
1
1
1
1
1
1
1
1
1
1
1
1
1
1
1
1
1
1
1
1
1
1
1
1
1
1
1
1
1
1
1
1
1
1
1
1
1
1
1
1
1
1
1
1
1
1
1
1
1
1
1
1
1
1
1
1
1
1
1
1
1
1
1
1
1
1
1
1
1
1
1
1
1
1
1
1
1
1
1
1
1
1
1
1
1
1
1
1
1
1
1
1
1
1
1
1
1
1
1
1
1
1
1
1
1
1
1
1
1
1
1
1
1
1
1
1
1
1
1
1
1
1
1
1
1
1
1
1
1
1
1
1
1
1
1
1
1
1
1
1
1
1
1
1
1
1
1
1
1
1
1
1
1
1
1
1
1
1
1
1
1
1
1
1
1
1
1
1
1
1
1
1
1
1
1
1
1
1
1
1
1
1
1
1
1
1
1
1
1
1
1
1
1
1
1
1
1
1
1
1
1
1
1
1
1
1
1
1
1
1
1
1
1
1
1
1
1
1
1
1
1
1
1
1
1
1
1
1
1
1
1
1
1
1
1
1
1
1
1
1
1
1
1
1
1
1
1
1
1
1
1
1
1
1
1
1
1
1
1
1
1
1
1
1
1
1
1
1
1
1
1
1
1
1
1
1
1
1
1
1
1
1
1
1
1
1
1
1
1
1
1
1
1
1
1
1
1
1
1
1
1
1
1
1
1
1
1
1
1
1
1
1
1
1
1
1
1
1
1
1
1
1
1
1
1
1
1
1
1
1
1
1
1
1
1
1
1
1
1
1
1
1
1
1
1
1
1
1
1
1
1
1
1
1
1
1
1
1
1
1
1
1
1
1
1
1
1
1
1
1
1
1
1
1
1
1
1
1
1
1
1
1
1
1
1
1
1
1
1
1
1
1
1
1
1
1
1
1
1
1
1
1
1
1
1
1
1
1
1
1
1
1
1
1
1
1
1
1
1
1
1
1
1
1
1
1
1
1
1
1
1
1
1
1
1
1
1
1
1
1
1
1
1
1
1
1
1
1
1
1
1
1
1
1
1
1
1
1
1
1
1
1
1
1
1
1
1
1
1
1
1
1
1
1
1
1
1
1
1
1
1
1
1
1
1
1
1
1
1
1
1
1
1
1
1
1
1
1
1
1
1
1
1
1
1
1
1
1
1
1
1
1
1
1
1
1
1
1
1
1
1
1
1
1
1
1
1
1
1
1
1
1
1
1
1
1
1
1
1
1
1
1
1
1
1
1
1
1
1
1
1
1
1
1
1
1
1
1
1
1
1
1
1
1
1
1
1
1
1
1
1
1
1
1
1
1
1
1
1
1
1
1
1
1
1
1
1
1
1
1
1
1
1
1
1
1
1
1
1
1
1
1
1
1
1
1
1
1
1
1
1
1
1
1
1
1
1
1
1
1
1
1
1
1
1
1
1
1
1
1
1
1
1
1
1
1
1
1
1
1
1
1
1
1
1
1
1
1
1
1
1
1
1
1
1
1
1
1
1
1
1
1
1
1
1
1
1
1
1
1
1
1
1
1
1
1
1
1
1
1
1
1
1
1
1
1
1
1
1
1
1
1
1
1
1
1
1
1
1
1
1
1
1
1
1
1
1
1
1
1
1
1
1
1
1
1
1
1
1
1
1
1
1
1
1
1
1
1
1
1
1
1
1
1
1
1
1
1
1
1
1
1
1
1
1
1
1
1
1
1
1
1
1
1
1
1
1
1
1
1
1
1
1
1
1
1
1
1
1
1
1
1
1
1
1
1
1
1
1
1
1
1
1
1
1
1
1
1
1
1
1
1
1
1
1
1
1
1
1
1
1
1
1
1
1
1
1
1
1
1
1
1
1
1
1
1
1
1
1
1
1
1
1
1
1
1
1
1
1
1
1
1
1
1
1
1
1
1
1
1
1
1
1
1
1
1
1
1
1
1
1
1
1
1
1
1
1
1
1
1
1
1
1
1
1
1
1
1
1
1
1
1
1
1
1
1
1
1
1
1
1
1
1
1
1
1
1
1
1
1
1
1
1
1
1
1
1
1
1
1
1
1
1
1
1
1
1
1
1
1
1
1
1
1
1
1
1
1
1
1
1
1
1
1
1
1
1
1
1
1
1
1
1
1
1
1
1
1
1
1
1
1
1
1
1
1
1
1
1
1
1
1
1
1
1
1
1
1
1
1
1
1
1
1
1
1
1
1
1
1
1
1
1
1
1
1
1
1
1
1
1
1
1
1
1
1
1
1
1
1
1
1
1
1
1
1
1
1
1
1
1
1
1
1
1
1
1
1
1
1
1
1
1
1
1
1
1
1
1
1
1
1
1
1
1
1
1
1
1
1
1
1
1
1
1
1
1
1
1
1
1
1
1
1
1
1
1
1
1
1
1
1
1
1
1
1
1
1
1
1
1
1
1
1
1
1
1
1
1
1
1
1
1
1
1
1
1
1
1
1
1
1
1
1
1
1
1
0.999992
0.999969
0.999954
0.999954
0.999938
0.999923
0.9999
0.999892
0.999884
0.999854
0.999846
0.999838
0.9998
0.9998
0.999792
0.999784
0.999769
0.999731
0.999715
0.999707
0.999707
0.999692
0.999677
0.999669
0.999654
0.999646
0.999638
0.999638
0.99963
0.999607
0.999577
0.999569
0.999569
0.999569
0.999569
0.999553
0.999546
0.999523
0.999515
0.999499
0.999461
0.999446
0.99943
0.999399
0.999392
0.999376
0.999369
0.999353
0.999345
0.999345
0.999338
0.999338
0.99933
0.999292
0.999292
0.999261
0.999245
0.99923
0.999215
0.999199
0.999184
0.999161
0.999161
0.999153
0.999153
0.999145
0.999145
0.99913
0.999115
0.999107
0.999099
0.999099
0.999076
0.999061
0.999061
0.999053
0.999038
0.999014
0.999007
0.998999
0.998984
0.998968
0.99896
0.99896
0.998945
0.998922
0.998922
0.998899
0.998891
0.998868
0.99886
0.99883
0.998822
0.998814
0.998799
0.998799
0.998776
0.998776
0.998768
0.99876
0.998737
0.998714
0.998691
0.998683
0.998676
0.998668
0.998668
0.99866
0.998653
0.998637
0.998629
0.998622
0.998606
0.998606
0.998599
0.998599
0.998583
0.998576
0.998576
0.998552
0.998529
0.998514
0.998498
0.998498
0.998491
0.99846
0.99846
0.99846
0.99846
0.998445
0.998445
0.998437
0.998414
0.998398
0.998391
0.998375
0.99836
0.998352
0.998337
0.998329
0.998321
0.998314
0.998298
0.998275
0.998275
0.998268
0.998252
0.998244
0.998237
0.998221
0.998206
0.998206
0.998183
0.99816
0.998152
0.998144
0.998129
0.998121
0.998098
0.998083
0.998083
0.998083
0.99806
0.998037
0.998029
0.998029
0.998029
0.998021
0.998021
0.998021
0.998021
0.998013
0.998006
0.99799
0.997975
0.997944
0.997929
0.997906
0.99789
0.997882
0.997867
0.997852
0.997852
0.997844
0.997821
0.997813
0.997798
0.997798
0.99779
0.99779
0.997767
0.997752
0.997752
0.997752
0.997752
0.997721
0.997713
0.997705
0.99769
0.997667
0.997652
0.997644
0.997613
0.997605
0.997598
0.99759
0.997582
0.997544
0.997528
0.997521
0.997482
0.997467
0.997444
0.997428
0.997413
0.997405
0.997405
0.997397
0.99739
0.997374
0.997359
0.997344
0.99732
0.997313
0.997305
0.997297
0.997297
0.99729
0.997267
0.997251
0.997236
0.997197
0.99719
0.99719
0.997182
0.997174
0.997174
0.997166
0.997151
0.997136
0.997105
0.997082
0.997059
0.997051
0.997036
0.997028
0.99702
0.997012
0.996989
0.996982
0.996982
0.996966
0.996951
0.996935
0.996928
0.99692
0.996912
0.996897
0.996889
0.996889
0.996866
0.996851
0.996828
0.996805
0.996797
0.996789
0.996774
0.996766
0.996758
0.996751
0.996751
0.996728
0.996712
0.996697
0.996689
0.996658
0.996643
0.996612
0.996612
0.996604
0.996597
0.996581
0.99655
0.996527
0.996527
0.996527
0.996504
0.996489
0.996443
0.996427
0.996404
0.996366
0.996366
0.996366
0.996358
0.99635
0.996335
0.996335
0.996312
0.996281
0.996266
0.996266
0.996266
0.996242
0.996212
0.996204
0.996196
0.996189
0.996165
0.996135
0.996119
0.996104
0.996088
0.996058
0.996019
0.996004
0.995981
0.995942
0.995927
0.995904
0.995881
0.995873
0.995842
0.995811
0.995796
0.995757
0.99575
0.995727
0.995711
0.995711
0.995696
0.995673
0.995619
0.995588
0.995565
0.995526
0.995511
0.995511
0.995496
0.995496
0.995488
0.995488
0.995465
0.995411
0.995388
0.995365
0.995334
0.995311
0.995303
0.995272
0.995234
0.995211
0.995195
0.99518
0.995164
0.995164
0.995157
0.995134
0.995118
0.995103
0.99508
0.995064
0.995041
0.995018
0.994957
0.994926
0.99491
0.994864
0.994841
0.994803
0.994772
0.994741
0.99471
0.994687
0.994649
0.994618
0.994618
0.994602
0.994579
0.994548
0.994541
0.99451
0.994487
0.994479
0.994441
0.994425
0.994418
0.994394
0.994356
0.994325
0.994287
0.99424
0.994194
0.994156
0.994125
0.994086
0.994071
0.994048
0.994017
0.993994
0.993986
0.993979
0.993956
0.993925
0.993909
0.993863
0.993848
0.993817
0.993786
0.993786
0.993771
0.99374
0.993678
0.99364
0.993624
0.993609
0.993586
0.993532
0.993517
0.993494
0.99347
0.993424
0.993378
0.993347
0.993316
0.993293
0.993255
0.993209
0.993178
0.993155
0.993116
0.993055
0.993016
0.992978
0.992947
0.992908
0.99287
0.992824
0.992793
0.992731
0.992639
0.9926
0.9926
0.992531
0.992493
0.992454
0.9924
0.992354
0.992285
0.992262
0.992215
0.992192
0.992146
0.9921
0.992046
0.992015
0.991977
0.991923
0.9919
0.991861
0.991823
0.991746
0.991738
0.991699
0.991646
0.991615
0.991576
0.991553
0.991499
0.991422
0.991353
0.991284
0.991199
0.991153
0.99113
0.99106
0.991037
0.990999
0.990937
0.990899
0.990837
0.990806
0.990729
0.990668
0.990629
0.990606
0.99056
0.990491
0.990452
0.990414
0.99036
0.990306
0.990229
0.99019
0.990129
0.990082
0.989982
0.989959
0.989867
0.989821
0.989759
0.989697
0.989636
0.989567
0.989505
0.989405
0.989289
0.98922
0.989174
0.989082
0.988974
0.988904
0.988804
0.98872
0.98865
0.988619
0.988566
0.988512
0.988473
0.988412
0.988365
0.988296
0.988234
0.988157
0.988096
0.987988
0.987942
0.987888
0.987826
0.987749
0.98768
0.987626
0.987541
0.987464
0.987403
0.987349
0.987272
0.98721
0.987118
0.987018
0.986933
0.986848
0.986733
0.986625
0.98654
0.986456
0.986394
0.986294
0.986156
0.986094
0.986017
0.985955
0.985832
0.985778
0.985678
0.985578
0.98547
0.985378
0.985347
0.985208
0.985116
0.985024
0.9849
0.984793
0.9847
0.984646
0.984538
0.984508
0.984461
0.984377
0.984315
0.984254
0.984107
0.984007
0.983907
0.98383
0.98373
0.983645
0.983553
0.983422
0.983322
0.983245
0.983129
0.98306
0.98296
0.98286
0.982768
0.982683
0.98256
0.982429
0.982306
0.982221
0.982128
0.982028
0.981951
0.981859
0.98179
0.981713
0.981582
0.981435
0.981343
0.981243
0.981135
0.981043
0.980943
0.980873
0.980789
0.980673
0.980535
0.980411
0.980357
0.980265
0.980196
0.98008
0.979965
0.979834
0.979688
0.97958
0.979449
0.979349
0.979218
0.979064
0.978918
0.978787
0.978648
0.978502
0.978348
0.978255
0.978101
0.977947
0.977801
0.97767
0.977624
0.977501
0.977347
0.977239
0.977116
0.976954
0.976823
0.976654
0.976561
0.976446
0.976269
0.976107
0.975922
0.975699
0.975568
0.975422
0.975299
0.975175
0.97506
0.974914
0.974783
0.974606
0.974521
0.974398
0.974274
0.974159
0.973982
0.973782
0.973659
0.973497
0.973304
0.973143
0.972965
0.972781
0.97255
0.97238
0.972203
0.972034
0.971872
0.971703
0.971541
0.97141
0.971302
0.971148
0.970948
0.970756
0.970586
0.970424
0.970263
0.970116
0.969924
0.969824
0.969647
0.969485
0.969246
0.969069
0.968923
0.968761
0.968607
0.968423
0.968269
0.968091
0.967845
0.967714
0.967522
0.967375
0.967244
0.967044
0.966859
0.966682
0.966467
0.966313
0.966105
0.965966
0.965805
0.965558
0.965381
0.965189
0.965004
0.964765
0.964511
0.964295
0.964149
0.963933
0.96371
0.963471
0.963248
0.962986
0.962755
0.962601
0.962378
0.962147
0.961878
0.961623
0.961354
0.961084
0.9608
0.960576
0.960384
0.96016
0.959945
0.959629
0.95939
0.959121
0.958859
0.958628
0.958374
0.958135
0.957897
0.95775
0.957481
0.957227
0.957019
0.956734
0.956441
0.956172
0.955902
0.955602
0.955348
0.955071
0.954763
0.954524
0.954193
0.953931
0.953662
0.953377
0.95313
0.952861
0.952584
0.952353
0.951991
0.951721
0.951513
0.951213
0.950951
0.950643
0.950443
0.950158
0.949896
0.949635
0.949357
0.949065
0.948765
0.948495
0.948233
0.947925
0.947663
0.947271
0.94697
0.946701
0.946362
0.946008
0.945769
0.945454
0.945107
0.944761
0.944437
0.944191
0.943767
0.943413
0.943051
0.942797
0.942435
0.942027
0.941681
0.941319
0.941041
0.940656
0.940248
0.939987
0.939563
0.93927
0.938878
0.938547
0.938162
0.937869
0.937492
0.937145
0.93673
0.936429
0.936013
0.935729
0.935351
0.934997
0.93462
0.934258
0.933888
0.933449
0.932949
0.932502
0.932048
0.93174
0.931378
0.931032
0.930647
0.930315
0.929954
0.929646
0.929276
0.928883
0.928467
0.928044
0.92762
0.927166
0.92675
0.926311
0.925934
0.925534
0.925241
0.924795
0.924433
0.924186
0.923824
0.923478
0.923047
0.922569
0.92213
0.921799
0.921476
0.921106
0.920721
0.920336
0.919928
0.919459
0.919027
0.918573
0.918057
0.917664
0.917272
0.916856
0.916379
0.916047
0.915562
0.915277
0.9148
0.914392
0.914053
0.913576
0.913121
0.912675
0.912213
0.911766
0.91132
0.910758
0.910349
0.909887
0.909449
0.909002
0.908555
0.90817
0.907824
0.907316
0.906846
0.906384
0.905976
0.905506
0.90506
0.904559
0.904097
0.90355
0.903065
0.902565
0.90208
0.901618
0.901171
0.900763
0.90027
0.899854
0.899454
0.899031
0.898476
0.898091
0.897506
0.897005
0.896513
0.896135
0.895581
0.89505
0.894441
0.893979
0.893533
0.892963
0.892509
0.891893
0.891261
0.890807
0.890384
0.889929
0.889336
0.888628
0.887958
0.887381
0.886919
0.88641
0.885848
0.885332
0.884801
0.88437
0.883862
0.883353
0.882861
0.882368
0.881806
0.881405
0.880905
0.880327
0.879881
0.879473
0.878903
0.878441
0.87791
0.877355
0.876716
0.876262
0.875669
0.875091
0.874599
0.873975
0.873313
0.872882
0.872358
0.87185
0.871234
0.870695
0.87021
0.86974
0.869209
0.868693
0.868185
0.86763
0.86713
0.86676
0.866267
0.86559
0.865004
0.864473
0.863888
0.863434
0.862879
0.862448
0.861971
0.861401
0.860823
0.860277
0.859822
0.859206
0.858729
0.858175
0.857597
0.85705
0.856542
0.856111
0.855534
0.854979
0.854432
0.85394
0.853416
0.852916
0.852423
0.851945
0.851391
0.850891
0.850398
0.849866
0.849374
0.848796
0.848273
0.847587
0.846994
0.846448
0.845939
0.845408
0.844946
0.844353
0.843791
0.843152
0.842705
0.842159
0.841566
0.841035
0.840588
0.840057
0.839541
0.838971
0.838463
0.837939
0.837331
0.836692
0.836253
0.83576
0.835252
0.834682
0.834074
0.833612
0.833081
0.832488
0.831956
0.831448
0.830894
0.830393
0.829839
0.829238
0.828607
0.828168
0.827652
0.827051
0.82652
0.825981
0.825373
0.824788
0.824226
0.823702
0.823201
0.822709
0.822123
0.821608
0.821184
0.82066
0.820137
0.819544
0.819013
0.818381
0.817827
0.817296
0.81688
0.816395
0.815894
0.815224
0.814655
0.814085
0.813577
0.812945
0.812391
0.811821
0.811282
0.810789
0.81025
0.809703
0.809226
0.808695
0.808194
0.807802
0.807224
0.806754
0.806208
0.805607
0.805099
0.804575
0.803898
0.803274
0.802789
0.802158
0.801703
0.80108
0.800556
0.799909
0.799362
0.798785
0.798254
0.797769
0.79726
0.796775
0.796344
0.795859
0.795266
0.794704
0.794242
0.793487
0.792995
0.792425
0.791955
0.791431
0.7908
0.790207
0.789545
0.788998
0.788382
0.787913
0.787366
0.786981
0.786396
0.785726
0.785295
0.784717
0.784024
0.783485
0.783008
0.782338
0.781884
0.781275
0.780775
0.780259
0.77962
0.779027
0.778657
0.778118
0.77751
0.776986
0.776455
0.775947
0.775446
0.774907
0.774322
0.773745
0.773167
0.772644
0.772051
0.77155
0.771065
0.770588
0.770064
0.769525
0.768963
0.768416
0.767854
0.767284
0.766684
0.766153
0.765721
0.765275
0.764774
0.764166
0.763781
0.763288
0.762819
0.762226
0.761663
0.761148
0.760555
0.759885
0.759377
0.758915
0.758491
0.757998
0.757521
0.757082
0.756651
0.756035
0.755434
0.754864
0.754325
0.753802
0.753232
0.752616
0.752077
0.751561
0.751138
0.750583
0.750044
0.749513
0.748928
0.748458
0.74795
0.747457
0.746987
0.746502
0.745886
0.745394
0.744693
0.744238
0.743715
0.743168
0.742706
0.742298
0.741759
0.741289
0.74075
0.740242
0.739696
0.739026
0.738464
0.737955
0.737362
0.736862
0.736369
0.735938
0.73533
0.73476
0.734144
0.733436
0.733004
0.732435
0.731903
0.731372
0.730902
0.730271
0.729747
0.729154
0.728677
0.728176
0.727661
0.727183
0.726667
0.726198
0.725705
0.725197
0.724573
0.723988
0.723472
0.722917
0.722478
0.721901
0.72137
0.720777
0.720269
0.71976
0.719137
0.718613
0.718089
0.717543
0.71705
0.71655
0.716026
0.715541
0.714848
0.714494
0.714039
0.7136
0.713069
0.712569
0.712007
0.711498
0.711021
0.710459
0.709989
0.709496
0.708896
0.708434
0.707864
0.70744
0.70694
0.706339
0.705777
0.705323
0.704792
0.704268
0.703814
0.703221
0.702582
0.702112
0.701604
0.700942
0.700372
0.699894
0.699356
0.69877
0.698231
0.697769
0.697115
0.696545
0.696083
0.695521
0.695013
0.69442
0.693827
0.693365
0.692834
0.692318
0.69174
0.691217
0.69057
0.689985
0.689492
0.689007
0.688406
0.687852
0.68729
0.686758
0.686289
0.685781
0.685172
0.68461
0.683948
0.683478
0.683039
0.682431
0.681984
0.681553
0.681022
0.680383
0.679805
0.679305
0.678843
0.678296
0.677711
0.677118
0.676618
0.676125
0.675624
0.675054
0.674631
0.674092
0.673576
0.672968
0.67249
0.671974
0.671435
0.670866
0.670365
0.669888
0.669464
0.668956
0.668402
0.667863
0.667355
0.666962
0.666407
0.665915
0.665306
0.664883
0.664259
0.663712
0.663073
0.662565
0.662057
0.661487
0.661041
0.660525
0.660024
0.659508
0.658985
0.658384
0.657768
0.657306
0.656829
0.656374
0.655951
0.65545
0.654904
0.654403
0.653918
0.65341
0.652825
0.652224
0.65167
0.651231
0.650576
0.65013
0.649545
0.648967
0.648443
0.647866
0.647296
0.646842
0.646434
0.645902
0.645456
0.644948
0.644332
0.643716
0.643146
0.642553
0.642052
0.641606
0.641113
0.640643
0.640135
0.639581
0.639103
0.638618
0.638095
0.637587
0.63714
0.636732
0.636208
0.635631
0.635061
0.634553
0.634029
0.633613
0.633121
0.632605
0.63195
0.631465
0.630949
0.630495
0.629894
0.629263
0.628739
0.628254
0.627792
0.627215
0.62673
0.626244
0.625806
0.62532
0.624781
0.624227
0.62365
0.62318
0.62261
0.622194
0.621771
0.621263
0.620831
0.620393
0.61983
0.619407
0.618768
0.618167
0.617559
0.617082
0.616612
0.61615
0.615626
0.615126
0.614633
0.614079
0.613578
0.613108
0.612623
0.612177
0.611576
0.610945
0.610352
0.609805
0.609305
0.608727
0.608119
0.60758
0.607049
0.606525
0.606048
0.605609
0.6051
0.604531
0.60403
0.603514
0.602983
0.602559
0.60209
0.601666
0.601181
0.600488
0.59998
0.599495
0.599018
0.598471
0.597932
0.597316
0.596815
0.596284
0.595784
0.59526
0.594659
0.594113
0.593643
0.593112
0.592634
0.592126
0.591502
0.591033
0.590548
0.589962
0.589346
0.588707
0.588161
0.587568
0.587106
0.586628
0.586205
0.585689
0.585127
0.584572
0.583979
0.583448
0.582963
0.582362
0.581708
0.581138
0.58063
0.580068
0.579552
0.57899
0.578397
0.577858
0.577396
0.576872
0.576256
0.575648
0.575171
0.57467
0.574054
0.573608
0.573107
0.572637
0.572152
0.57159
0.571044
0.570435
0.569927
0.569342
0.568726
0.568218
0.567779
0.567178
0.566693
0.566193
0.565615
0.56503
0.564499
0.563967
0.563274
0.562797
0.562273
0.56168
0.561218
0.560672
0.560164
0.559625
0.559078
0.558662
0.558146
0.557638
0.557084
0.556591
0.555982
0.555451
0.554889
0.554419
0.553873
0.553365
0.552949
0.552394
0.551894
0.551347
0.550931
0.550408
0.549869
0.549438
0.548914
0.548383
0.547898
0.547428
0.546904
0.546481
0.545996
0.545503
0.544987
0.544433
0.543947
0.543455
0.542962
0.542369
0.541899
0.541453
0.540937
0.540367
0.53989
0.539304
0.538711
0.538196
0.537649
0.537156
0.536609
0.536101
0.535362
0.534815
0.534199
0.533668
0.533114
0.532544
0.532074
0.531651
0.531073
0.530496
0.529987
0.529464
0.528986
0.528455
0.52787
0.527416
0.526907
0.526469
0.525991
0.525406
0.524913
0.524444
0.523897
0.523327
0.522796
0.522349
0.521895
0.521263
0.520794
0.520185
0.519654
0.519231
0.518807
0.518314
0.517783
0.517336
0.51689
0.516428
0.515904
0.515342
0.514826
0.514303
0.513802
0.513348
0.51294
0.512424
0.511916
0.511423
0.510845
0.51026
0.509737
0.509213
0.508689
0.508127
0.507719
0.507288
0.506749
0.506249
0.505671
0.505117
0.504616
0.504093
0.503515
0.502999
0.502452
0.501952
0.501321
0.500758
0.500235
0.499688
0.499095
0.498633
0.498087
0.497571
0.496993
0.496416
0.495938
0.495445
0.494976
0.494437
0.493998
0.49342
0.492912
0.492396
0.491927
0.491434
0.490941
0.490479
0.489994
0.489555
0.488954
0.488562
0.488107
0.487584
0.487014
0.486552
0.48609
0.485543
0.484958
0.484473
0.483965
0.48338
0.482825
0.482302
0.481724
0.481231
0.4806
0.479992
0.479437
0.478991
0.478406
0.477905
0.477443
0.47695
0.476226
0.475749
0.475287
0.474779
0.474271
0.473778
0.473231
0.472723
0.472215
0.471683
0.471083
0.470659
0.47022
0.469705
0.469127
0.468673
0.468118
0.467656
0.467156
0.466524
0.466024
0.4655
0.464946
0.46443
0.463922
0.463452
0.462828
0.46222
0.461704
0.461235
0.460495
0.459972
0.459448
0.45894
0.458378
0.4578
0.457369
0.456915
0.456314
0.455806
0.455275
0.454759
0.454243
0.453719
0.453227
0.452688
0.452126
0.451533
0.450971
0.450424
0.449893
0.44933
0.44883
0.44826
0.447613
0.447005
0.44652
0.445935
0.445419
0.444934
0.44441
0.44384
0.443286
0.442839
0.442408
0.441792
0.44133
0.440791
0.440198
0.439698
0.43919
0.438697
0.438112
0.437596
0.437041
0.436433
0.435956
0.435455
0.434978
0.434454
0.434069
0.433507
0.432922
0.432283
0.431782
0.431266
0.430658
0.430096
0.429619
0.429057
0.428433
0.427886
0.427416
0.426885
0.426308
0.425861
0.425268
0.424737
0.424244
0.423705
0.423297
0.422743
0.422173
0.421641
0.421087
0.420556
0.419963
0.41937
0.4188
0.418246
0.417768
0.417199
0.416698
0.416167
0.415659
0.414935
0.414388
0.413803
0.413272
0.412779
0.412325
0.411839
0.411185
0.410785
0.410215
0.409645
0.409114
0.408467
0.407974
0.407474
0.407019
0.406473
0.406072
0.405479
0.405079
0.40464
0.404047
0.403593
0.403
0.402445
0.40183
0.401206
0.400628
0.40012
0.399666
0.399127
0.398649
0.398187
0.397625
0.397163
0.396671
0.39617
0.395546
0.395115
0.394669
0.394114
0.393475
0.392859
0.392351
0.391796
0.391327
0.390672
0.390233
0.389679
0.389202
0.38874
0.388254
0.387754
0.387246
0.386661
0.386122
0.385606
0.385067
0.384566
0.384058
0.383427
0.382926
0.382333
0.381787
0.381325
0.380809
0.380324
0.379708
0.379246
0.37876
0.378291
0.377759
0.377267
0.376612
0.376073
0.375634
0.375026
0.37461
0.374063
0.373501
0.372924
0.372385
0.371961
0.371415
0.370891
0.370383
0.369929
0.369274
0.368828
0.368289
0.367896
0.367465
0.366956
0.36641
0.365832
0.365316
0.364831
0.364269
0.363622
0.363006
0.362483
0.362028
0.361451
0.360927
0.360419
0.359811
0.359264
0.358625
0.358017
0.357493
0.357
0.356284
0.355738
0.355253
0.354721
0.354036
0.353489
0.352919
0.352396
0.351788
0.351164
0.35064
0.350201
0.349732
0.349185
0.348592
0.348199
0.347683
0.347106
0.346652
0.346043
0.345443
0.34495
0.344334
0.343741
0.343117
0.342478
0.341916
0.341439
0.340992
0.340476
0.339891
0.339483
0.338983
0.338428
0.33782
0.337212
0.336549
0.335972
0.335402
0.334809
0.334363
0.333793
0.333238
0.332676
0.332191
0.331583
0.331121
0.33052
0.33012
0.32965
0.329134
0.328665
0.328141
0.327525
0.327032
0.326447
0.325846
0.325307
0.324784
0.324245
0.32366
0.323105
0.322612
0.322097
0.321419
0.320757
0.320164
0.319548
0.31904
0.318354
0.317831
0.317276
0.31666
0.316121
0.315644
0.315059
0.314443
0.31385
0.313265
0.312718
0.312164
0.311663
0.311124
0.310577
0.309946
0.309299
0.308776
0.30819
0.307651
0.307143
0.306543
0.306027
0.305334
0.304826
0.304102
0.303586
0.303062
0.302631
0.302069
0.301507
0.301022
0.300444
0.299928
0.299382
0.298897
0.298396
0.297857
0.297395
0.29681
0.296202
0.295555
0.294931
0.294261
0.293676
0.293145
0.292583
0.291982
0.291451
0.290981
0.290496
0.289918
0.289341
0.288787
0.288294
0.287685
0.287177
0.286523
0.285899
0.285221
0.28469
0.284167
0.283574
0.282935
0.282388
0.281895
0.28131
0.280817
0.280324
0.279708
0.279038
0.278515
0.277914
0.277406
0.27689
0.276282
0.275743
0.27515
0.274649
0.274195
0.273672
0.273125
0.272663
0.272085
0.271554
0.270992
0.270345
0.269806
0.269221
0.268728
0.268089
0.267596
0.267034
0.266488
0.265995
0.265502
0.26494
0.264332
0.263885
0.263315
0.262845
0.262283
0.26159
0.260928
0.260358
0.259781
0.259273
0.258672
0.258133
0.257563
0.256847
0.2563
0.255769
0.255122
0.254568
0.25406
0.253405
0.252874
0.252397
0.251904
0.251203
0.25061
0.25001
0.249448
0.248824
0.248323
0.247661
0.247138
0.246522
0.245859
0.245428
0.244928
0.244289
0.243803
0.243311
0.242718
0.242156
0.241624
0.240978
0.240439
0.239876
0.239176
0.238644
0.238013
0.237389
0.236727
0.236134
0.235549
0.235056
0.23461
0.234025
0.233378
0.233
0.232392
0.231861
0.231368
0.230721
0.230113
0.229543
0.228835
0.228319
0.227734
0.227141
0.226571
0.225901
0.225216
0.224515
0.223999
0.223491
0.222813
0.222144
0.221481
0.220935
0.220403
0.219826
0.219179
0.218602
0.218093
0.217477
0.216938
0.21623
0.215722
0.215029
0.214482
0.21392
0.213281
0.212688
0.212103
0.211464
0.210871
0.210139
0.209546
0.209
0.20843
0.207814
0.207313
0.206744
0.206097
0.205512
0.204842
0.204287
0.203748
0.203055
0.202447
0.201731
0.201138
0.200507
0.19996
0.199321
0.198682
0.197927
0.197357
0.196695
0.196071
0.195525
0.194793
0.194239
0.1937
0.193107
0.192499
0.191929
0.19129
0.190728
0.189996
0.189296
0.188695
0.188033
0.187363
0.18667
0.185977
0.185422
0.184806
0.184129
0.18359
0.182966
0.182327
0.181696
0.181118
0.180464
0.179902
0.179309
0.178685
0.177954
0.177338
0.176668
0.175959
0.175312
0.174596
0.17408
0.173303
0.17254
0.17184
0.171124
0.170338
0.169745
0.169014
0.168429
0.167859
0.167073
0.166396
0.16588
0.165272
0.164602
0.163878
0.163123
0.162369
0.161653
0.160983
0.160328
0.159705
0.158965
0.158265
0.157595
0.157002
0.15614
0.155508
0.154831
0.15413
0.153445
0.152798
0.152082
0.151581
0.150973
0.150372
0.14971
0.148979
0.148193
0.147469
0.146792
0.146099
0.145483
0.144728
0.14392
0.143258
0.142557
0.141895
0.141109
0.140393
0.139546
0.138838
0.138137
0.137529
0.13682
0.136104
0.135334
0.134626
0.133833
0.133063
0.132316
0.131584
0.130699
0.130006
0.129197
0.128504
0.127788
0.127049
0.126364
0.125671
0.12497
0.124239
0.123191
0.122414
0.121613
0.120858
0.120073
0.119288
0.118664
0.117948
0.117147
0.116369
0.115569
0.114868
0.114198
0.11332
0.112427
0.111772
0.111072
0.110256
0.109609
0.108677
0.107869
0.107075
0.106205
0.105358
0.104696
0.103895
0.103048
0.102148
0.1012
0.100238
0.0994217
0.0985208
0.0977893
0.0969886
0.0962494
0.0954409
0.0945246
0.0937777
0.0928999
0.0919682
0.0910211
0.0900894
0.0892886
0.0886341
0.0877717
0.0869863
0.0861393
0.0852461
0.0843067
0.0834058
0.0824972
0.0815656
0.080734
0.0799024
0.079194
0.0782931
0.0776309
0.0768378
0.076037
0.07519
0.0742429
0.0732419
0.072264
0.0714016
0.0705161
0.069646
0.0687913
0.0679366
0.0670127
0.0660194
0.0651647
0.0642638
0.0632551
0.0623157
0.0613301
0.0605062
0.059613
0.0585658
0.0577881
0.056918
0.0560325
0.0550931
0.0542153
0.0533914
0.0525983
0.0517899
0.050966
0.0499496
0.0490256
0.0479861
0.0470467
0.0461458
0.0451679
0.0441361
0.0430966
0.0422111
0.0411793
0.0402707
0.0393236
0.0384073
0.0374525
0.0363592
0.0354352
0.0344881
0.0336642
0.0327325
0.0317469
0.0307921
0.0299066
0.0290134
0.0281433
0.027304
0.0264878
0.0255715
0.0247091
0.0237466
0.0230074
0.022199
0.0216369
0.020813
0.0200045
0.0192345
0.0185261
0.0178408
0.0171632
0.0165318
0.0158311
0.0151843
0.0145067
0.0139292
0.0133825
0.012805
0.0122506
0.011727
0.011265
0.0108492
0.0104026
0.00997143
0.00947094
0.00900894
0.00865474
0.00816965
0.00787705
0.00747665
0.00709935
0.00684525
0.00652956
0.00627546
0.00591356
0.00562096
0.00536686
0.00514357
0.00493567
0.00471237
0.00449677
0.00430427
0.00414257
0.00392697
0.00369598
0.00352658
0.00339568
0.00324938
0.00304148
0.00286438
0.00261028
0.00234848
0.00224069
0.00210209
0.00197889
0.00186339
0.00174789
0.00167089
0.00157079
0.00150149
0.00140909
0.00134749
0.00128589
0.00122429
0.00112419
0.00108569
0.00103179
0.000977893
0.000962494
0.000939394
0.000916294
0.000877794
0.000846994
0.000777695
0.000723795
0.000692995
0.000654496
0.000615996
0.000577496
0.000569796
0.000554396
0.000531296
0.000500497
0.000477397
0.000469697
0.000431197
0.000415797
0.000384997
0.000354198
0.000323398
0.000307998
0.000292598
0.000284898
0.000238698
0.000238698
0.000223298
0.000215599
0.000200199
0.000192499
0.000192499
0.000184799
0.000146299
0.000130899
0.000123199
0.000123199
0.000115499
0.000107799
9.23994e-05
9.23994e-05
8.46994e-05
8.46994e-05
8.46994e-05
7.69995e-05
6.15996e-05
6.15996e-05
6.15996e-05
6.15996e-05
6.15996e-05
6.15996e-05
5.38996e-05
4.61997e-05
4.61997e-05
4.61997e-05
4.61997e-05
4.61997e-05
4.61997e-05
3.84997e-05
3.84997e-05
2.30998e-05
2.30998e-05
2.30998e-05
1.53999e-05
1.53999e-05
7.69995e-06
7.69995e-06
7.69995e-06
7.69995e-06
7.69995e-06
7.69995e-06
7.69995e-06
7.69995e-06
7.69995e-06
7.69995e-06
7.69995e-06
7.69995e-06
7.69995e-06
7.69995e-06
7.69995e-06
7.69995e-06
7.69995e-06
7.69995e-06
7.69995e-06
7.69995e-06
7.69995e-06
7.69995e-06
7.69995e-06
7.69995e-06
7.69995e-06
7.69995e-06
7.69995e-06
7.69995e-06
7.69995e-06
7.69995e-06
7.69995e-06
0
0
0
0
0
0
0
0
0
0
0
0
0
0
0
0
0
0
0
0
0
0
0
0
0
0
0
0
0
0
0
0
0
0
0
0
0
0
0
0
0
0
0
0
0
0
0
0
0
0
0
0
0
0
0
0
0
0
0
0
0
0
0
0
0
0
0
0
0
0
0
0
0
0
0
0
0
0
0
0
0
0
0
0
0
0
0
0
0
0
0
0
0
0
0
0
0
0
0
0
0
0
0
0
0
0
0
0
0
0
0
0
0
0
0
0
0
0
0
0
0
0
0
0
0
0
0
0
0
0
0
0
0
0
0
0
0
0
0
0
0
0
0
0
0
0
0
0
0
0
0
0
0
0
0
0
0
0
0
0
0
0
0
0
0
0
0
0
0
0
0
0
0
0
0
0
0
0
0
0
0
0
0
0
0
0
0
0
0
0
0
0
0
0
0
0
0
0
0
0
0
0
0
0
0
0
0
0
0
0
0
0
0
0
0
0
0
0
0
0
0
0
0
0
0
0
0
0
0
0
0
0
0
0
0
0
0
0
0
0
0
0
0
0
0
0
0
0
0
0
0
0
0
0
0
0
0
0
0
0
0
0
0
0
0
0
0
0
0
0
0
0
0
0
0
0
0
0
0
0
0
0
0
0
0
0
0
0
0
0
0
0
0
0
0
0
0
0
0
0
0
0
0
0
0
0
0
0
0
0
0
0
0
0
0
0
0
0
0
0
0
0
0
0
0
0
0
0
0
0
0
0
0
0
0
0
0
0
0
0
0
0
0
0
0
0
0
0
0
0
0
0
0
0
0
0
0
0
0
0
0
0
0
0
0
0
0
0
0
0
0
0
0
0
0
0
0
0
0
0
0
0
0
0
0
0
0
0
0
0
0
0
0
0
0
0
0
0
0
0
0
0
0
0
0
0
0
0
0
0
0
0
0
0
0
0
0
0
0
0
0
0
0
0
0
0
0
0
0
0
0
0
0
0
0
0
0
0
0
0
0
0
0
0
0
0
0
0
0
0
0
0
0
0
0
0
0
0
0
0
0
0
0
0
0
0
0
0
0
0
0
0
0
0
0
0
0
0
0
0
0
0
0
0
0
0
0
0
0
0
0
0
0
0
0
0
0
0
0
0
0
0
0
0
0
0
0
0
0
0
0
0
0
0
0
0
0
0
0
0
0
0
0
0
0
0
0
0
0
0
0
0
0
0
0
0
0
0
0
0
0
0
0
0
0
0
0
0
0
0
0
0
0
0
0
0
0
0
0
0
0
0
0
0
0
0
0
0
0
0
0
0
0
0
0
0
0
0
0
0
0
0
0
0
0
0
0
0
0
0
0
0
0
0
0
0
0
0
0
0
0
0
0
0
0
0
0
0
0
0
0
0
0
0
0
0
0
0
0
0
0
0
0
0
0
0
0
0
0
0
0
0
0
0
0
0
0
0
0
0
0
0
0
0
0
0
0
0
0
0
0
0
0
0
0
0
0
0
0
0
0
0
0
0
0
0
0
0
0
0
0
0
0
0
0
0
0
0
0
0
0
0
0
0
0
0
0
0
0
0
0
0
0
0
0
0
0
0
0
0
0
0
0
0
0
0
0
0
0
0
0
0
0
0
0
0
0
0
0
0
0
0
0
0
0
0
0
0
0
0
0
0
0
0
0
0
0
0
0
0
0
0
0
0
0
0
0
0
0
0
0
0
0
0
0
0
0
0
0
0
0
0
0
0
0
0
0
0
0
0
0
0
0
0
0
0
0
0
0
0
0
0
0
0
0
0
0
0
0
0
0
0
0
0
0
0
0
0
0
0
0
0
0
0
0
0
0
0
0
0
0
0
0
0
0
0
0
0
0
0
0
0
0
0
0
0
0
0
0
0
0
0
0
0
0
0
0
0
0
0
0
0
0
0
0
0
0
0
0
0
0
0
0
0
0
0
0
0
0
0
0
0
0
0
0
0
0
0
0
0
0
0
0
0
0
0
0
0
0
0
0
0
0
0
0
0
0
0
0
0
0
0
0
0
0
0
0
0
0
0
0
0
0
0
0
0
0
0
0
0
0
0
0
0
0
0
0
0
0
0
0
0
0
0
0
0
0
0
0
0
0
0
0
0
0
0
0
0
0
0
0
0
0
0
0
0
0
0
0
0
0
0
0
0
0
0
0
0
0
0
0
0
0
0
0
0
0
0
0
0
0
0
0
0
0
0
0
0
0
0
0
0
0
0
0
0
0
0
0
0
0
0
0
0
0
0
0
0
0
0
0
0
0
0
0
0
0
0
0
0
0
0
0
0
0
0
0
0
0
0
0
0
0
0
0
0
0
0
0
0
0
0
0
0
0
0
0
0
0
0
0
0
0
0
0
0
0
0
0
0
0
0
0
0
0
0
0
0
0
0
0
0
0
0
0
0
0
0
0
0
0
0
0
0
0
0
0
0
0
0
0
0
0
0
0
0
0
0
0
0
0
0
0
0
0
0
0
0
0
0
0
0
0
0
0
0
0
0
0
0
0
0
0
0
0
0
0
0
0
0
0
0
0
0
0
0
0
0
0
0
0
0
0
0
0
0
0
0
0
0
0
0
0
0
0
0
0
0
0
0
0
0
0
0
0
0
0
0
0
0
0
0
0
0
0
0
0
0
0
0
0
0
0
0
0
0
0
0
0
0
0
0
0
0
0
0
0
0
0
0
0
0
0
0
0
0
0
0
0
0
0
0
0
0
0
0
0
0
0
0
0
0
0
0
0
0
0
0
0
0
0
0
0
0
0
0
0
0
0
0
0
0
0
0
0
0
0
0
0
0
0
0
0
0
0
0
0
0
0
0
0
0
0
0
0
0
0
0
0
0
0
0
0
0
0
0
0
0
0
0
0
0
0
0
0
0
0
0
0
0
0
0
0
0
0
0
0
0
0
0
0
0
0
0
0
0
0
0
0
0
0
0
0
0
0
0
0
0
0
0
0
0
0
0
0
0
0
0
0
0
0
0
0
0
0
0
0
0
0
0
0
0
0
0
0
0
0
0
0
0
0
0
0
0
0
0
0
0
0
0
0
0
0
0
0
0
0
0
0
0
0
0
0
0
0
0
0
0
0
0
0
0
0
0
0
0
0
0
0
0
0
0
0
0
0
0
0
0
0
0
0
0
0
0
0
0
0
0
0
0
0
0
0
0
0
0
0
0
0
0
0
0
0
0
0
0
0
0
0
0
0
0
0
0
0
0
0
0
0
0
0
0
0
0
0
0
0
0
0
0
0
0
0
0
0
0
0
0
0
0
0
0
0
0
0
0
0
0
0
0
0
0
0
0
0
0
0
0
0
0
0
0
0
0
0
0
0
0
0
0
0
0
0
0
0
0
0
0
0
0
0
0
0
0
0
0
0
0
0
0
0
0
0
0
0
0
0
0
0
0
0
0
0
0
0
0
0
0
0
0
0
0
0
0
0
0
0
0
0
0
0
0
0
0
0
0
0
0
0
0
0
0
0
0
0
0
0
0
0
0
0
0
0
0
0
0
0
0
0
0
0
0
0
0
0
0
0
0
0
0
0
0
0
0
0
0
0
0
0
0
0
0
0
0
0
0
0
0
0
0
0
0
0
0
0
0
0
0
0
0
0
0
0
0
0
0
0
0
0
0
0
0
0
0
0
0
0
0
0
0
0
0
0
0
0
0
0
0
0
0
0
0
0
0
0
0
0
0
0
0
0
0
0
0
0
0
0
0
0
0
0
0
0
0
0
0
0
0
0
0
0
0
0
0
0
0
0
0
0
0
0
0
0
0
0
0
0
0
0
0
0
0
0
0
0
0
0
0
0
0
0
0
0
0
0
0
0
0
0
0
0
0
0
0
0
0
0
0
0
0
0
0
0
0
0
0
0
0
0
0
0
0
0
0
0
0
0
0
0
0
0
0
0
0
0
0
0
0
0
0
0
0
0
0
0
0
0
0
0
0
0
0
0
0
0
0
0
0
0
0
0
0
0
0
0
0
0
0
0
0
0
0
0
0
0
0
0
0
0
0
0
0
0
0
0
0
0
0
0
0
0
0
0
0
0
0
0
0
0
0
0
0
0
0
0
0
0
0
0
0
0
0
0
0
0
0
0
0
0
0
0
0
0
0
0
0
0
0
0
0
0
0
0
0
0
0
0
0
0
0
0
0
0
0
0
0
0
0
0
0
0
0
0
0
0
0
0
0
0
0
0
0
0
0
0
0
0
0
0
0
0
0
0
0
0
0
0
0
0
0
0
0
0
0
0
0
0
0
0
0
0
0
0
0
0
0
0
0
0
0
0
0
0
0
0
0
0
0
0
0
0
0
0
0
0
0
0
0
0
0
0
0
0
0
0
0
0
0
0
0
0
0
0
0
0
0
0
0
0
0
0
0
0
0
0
0
0
0
0
0
0
0
0
0
0
0
0
0
0
0
0
0
0
0
0
0
0
0
0
0
0
0
0
0
0
0
0
0
0
0
0
0
0
0
0
0
0
0
0
0
0
0
0
0
0
0
0
0
0
0
0
0
0
0
0
0
0
0
0
0
0
0
0
0
0
0
0
0
0
0
0
0
0
0
0
0
0
0
0
0
0
0
0
0
0
0
0
0
0
0
0
0
0
0
0
0
0
0
0
0
0
0
0
0
0
0
0
0
0
0
0
0
0
0
0
0
0
0
0
0
0
0
0
0
0
0
0
0
0
0
0
0
0
0
0
0
0
0
0
0
0
0
0
0
0
0
0
0
0
0
0
0
0
0
0
0
0
0
0
0
0
0
0
0
0
0
0
0
0
0
0
0
0
0
0
0
0
0
0
0
0
0
0
0
0
0
0
0
0
0
0
0
0
0
0
0
0
0
0
0
0
0
0
0
0
0
0
0
0
0
0
0
0
0
0
0
0
0
0
0
0
0
0
0
0
0
0
0
0
0
0
0
0
0
0
0
0
0
0
0
0
0
0
0
0
0
0
0
0
0
0
0
0
0
0
0
0
0
0
0
0
0
0
0
0
0
0
0
0
0
0
0
0
0
0
0
0
0
0
0
0
0
0
0
0
0
0
0
0
0
0
0
0
0
0
0
0
0
0
0
0
0
0
0
0
0
0
0
0
0
0
0
0
0
0
0
0
0
0
0
0
0
0
0
0
0
0
0
0
0
0
0
0
0
0
0
0
0
0
0
0
0
0
0
0
0
0
0
0
0
0
0
0
0
0
0
0
0
0
0
0
0
0
0
0
0
0
0
0
0
0
0
0
0
0
0
0
0
0
0
0
0
0
0
0
0
0
0
0
0
0
0
0
0
0
0
0
0
0
0
0
0
0
0
0
0
0
0
0
0
0
0
0
0
0
0
0
0
0
0
0
0
0
0
0
0
0
0
0
0
0
0
0
0
0
0
0
0
0
0
0
0
0
0
0
0
0
0
0
0
0
0
0
0
0
0
0
0
0
0
0
0
0
0
0
0
0
0
0
0
0
0
0
0
0
0
0
0
0
0
0
0
0
0
0
0
0
0
0
0
0
0
0
0
0
0
0
0
0
0
0
0
0
0
0
0
0
0
0
0
0
0
0
0
0
0
0
0
0
0
0
0
0
0
0
0
0
0
0
0
0
0
0
0
0
0
0
0
0
0
0
0
0
0
0
0
0
0
0
0
0
0
0
0
0
0
0
0
0
0
0
0
0
0
0
0
0
0
0
0
0
0
0
0
0
0
0
0
0
0
0
0
0
0
0
0
0
0
0
0
0
0
0
0
0
0
0
0
0
0
0
0
0
0
0
0
0
0
0
0
0
0
0
0
0
0
0
0
0
0
0
0
0
0
0
0
0
0
0
0
0
0
0
0
0
0
0
0
0
0
0
0
0
0
0
0
0
0
0
0
0
0
0
0
0
0
0
0
0
0
0
0
0
0
0
0
0
0
0
0
0
0
0
0
0
0
0
0
0
0
0
0
0
0
0
0
0
0
0
0
0
0
0
0
0
0
0
0
0
0
0
0
0
0
0
0
0
0
0
0
0
0
0
0
0
0
0
0
0
0
0
0
0
0
0
0
0
0
0
0
0
0
0
0
0
0
0
0
0
0
0
0
0
0
0
0
0
0
0
0
0
0
0
0
0
0
0
0
0
0
0
0
0
0
0
0
0
0
0
0
0
0
0
0
0
0
0
0
0
0
0
0
0
0
0
0
0
0
0
0
0
0
0
0
0
0
0
0
0
0
0
0
0
0
0
0
0
0
0
0
0
0
0
0
0
0
0
0
0
0
0
0
0
0
0
0
0
0
0
0
0
0
0
0
0
0
0
0
0
0
0
0
0
0
0
0
0
0
0
0
0
0
0
0
0
0
0
0
0
0
0
0
0
0
0
0
0
0
0
0
0
0
0
0
0
0
0
0
0
0
0
0
0
0
0
0
0
0
0
0
0
0
0
0
0
0
0
0
0
0
0
0
0
0
0
0
0
0
0
0
0
0
0
0
0
0
0
0
0
0
0
0
0
0
0
0
0
0
0
0
0
0
0
0
0
0
0
0
0
0
0
0
0
0
0
0
0
0
0
0
0
0
0
0
0
0
0
0
0
0
0
0
0
0
0
0
0
0
0
0
0
0
0
0
0
0
0
0
0
0
0
0
0
0
0
0
0
0
0
0
0
0
0
0
0
0
0
0
0
0
0
0
0
0
0
0
0
0
0
0
0
0
0
0
0
0
0
0
0
0
0
0
0
0
0
0
0
0
0
0
0
0
0
0
0
0
0
0
0
0
0
0
0
0
0
0
0
0
0
0
0
0
0
0
0
0
0
0
0
0
0
0
0
0
0
0
0
0
0
0
0
0
0
0
0
0
0
0
0
0
0
0
0
0
0
0
0
0
0
0
0
0
0
0
0
0
0
0
0
0
0
0
0
0
0
0
0
0
0
0
0
0
0
0
0
0
0
0
0
0
0
0
0
0
0
0
0
0
0
0
0
0
0
0
0
0
0
0
0
0
0
0
0
0
0
0
0
0
0
0
0
0
0
0
0
0
0
0
0
0
0
0
0
0
0
0
0
0
0
0
0
0
0
0
0
0
0
0
0
0
0
0
0
0
0
0
0
0
0
0
0
0
0
0
0
0
0
0
0
0
0
0
0
0
0
0
0
0
0
0
0
0
0
0
0
0
0
0
0
0
0
0
0
0
0
0
0
0
0
0
0
0
0
0
0
0
0
0
0
0
0
0
0
0
0
0
0
0
0
0
0
0
0
0
0
0
0
0
0
0
0
0
0
0
0
0
0
0
0
0
0
0
0
0
0
0
0
0
0
0
0
0
0
0
0
0
0
0
0
0
0
0
0
0
0
0
0
0
0
0
0
0
0
0
0
0
0
0
0
0
0
0
0
0
0
0
0
0
0
0
0
0
0
0
0
0
0
0
0
0
0
0
0
0
0
0
0
0
0
0
0
0
0
0
0
0
0
0
0
0
0
0
0
0
0
0
0
0
0
0
0
0
0
0
0
0
0
0
0
0
0
0
0
0
0
0
0
0
0
0
0
0
0
0
0
0
0
0
0
0
0
0
0
0
0
0
0
0
0
0
0
0
0
0
0
0
0
0
0
0
0
0
0
0
0
0
0
0
0
0
0
0
0
0
0
0
0
0
0
0
0
0
0
0
0
0
0
0
0
0
0
0
0
0
0
0
0
0
0
0
0
0
0
0
0
0
0
0
0
0
0
0
0
0
0
0
0
0
0
0
0
0
0
0
0
0
0
0
0
0
0
0
0
0
0
0
0
0
0
0
0
0
0
0
0
0
0
0
0
0
0
0
0
0
0
0
0
0
0
0
0
0
0
0
0
0
0
0
0
0
0
0
0
0
0
0
0
0
0
0
0
0
0
0
0
0
0
0
0
0
0
0
0
0
0
0
0
0
0
0
0
0
0
0
0
0
0
0
0
0
0
0
0
0
0
0
0
0
0
0
0
0
0
0
0
0
0
0
0
0
0
0
0
0
0
0
0
0
0
0
0
0
0
0
0
0
0
0
0
0
0
0
0
0
0
0
0
0
0
0
0
0
0
0
0
0
0
0
0
0
0
0
0
0
0
0
0
0
0
0
0
0
0
0
0
0
0
0
0
0
0
0
0
0
0
0
0
0
0
0
0
0
0
0
0
0
0
0
0
0
0
0
0
0
0
0
0
0
0
0
0
0
0
0
0
0
0
0
0
0
0
0
0
0
0
0
0
0
0
0
0
0
0
0
0
0
0
0
0
0
0
0
0
0
0
0
0
0
0
0
0
0
0
0
0
0
0
0
0
0
0
0
0
0
0
0
0
0
0
0
0
0
0
0
0
0
0
0
0
0
0
0
0
0
0
0
0
0
0
0
0
0
0
0
0
0
0
0
0
0
0
0
0
0
0
0
0
0
0
0
0
0
0
0
0
0
0
0
0
0
0
0
0
0
0
0
0
0
0
0
0
0
0
0
0
0
0
0
0
0
0
0
0
0
0
0
0
0
0
0
0
0
0
0
0
0
0
0
0
0
0
0
0
0
0
0
0
0
0
0
0
0
0
0
0
0
0
0
0
0
0
0
0
0
0
0
0
0
0
0
0
0
0
0
0
0
0
0
0
0
0
0
0
0
0
0
0
0
0
0
0
0
0
0
0
0
0
0
0
0
0
0
0
0
0
0
0
0
0
0
0
0
0
0
0
0
0
0
0
0
0
0
0
0
0
0
0
0
0
0
0
0
0
0
0
0
0
0
0
0
0
0
0
0
0
0
0
0
0
0
0
0
0
0
0
0
0
0
0
0
0
0
0
0
0
0
0
0
0
0
0
0
0
0
0
0
0
0
0
0
0
0
0
0
0
0
0
0
0
0
0
0
0
0
0
0
0
0
0
0
0
0
0
0
0
0
0
0
0
0
0
0
0
0
0
0
0
0
0
0
0
0
0
0
0
0
0
0
0
0
0
0
0
0
0
0
0
0
0
0
0
0
0
0
0
0
0
0
0
0
0
0
0
0
0
0
0
0
0
0
0
0
0
0
0
0
0
0
0
0
0
0
0
0
0
0
0
0
0
0
0
0
0
0
0
0
0
0
0
0
0
0
0
0
0
0
0
0
0
0
0
0
0
0
0
0
0
0
0
0
0
0
0
0
0
0
0
0
0
0
0
0
0
0
0
0
0
0
0
0
0
0
0
0
0
0
0
0
0
0
0
0
0
0
0
0
0
0
0
0
0
0
0
0
0
0
0
0
0
0
0
0
0
0
0
0
0
0
0
0
0
0
0
0
0
0
0
0
0
0
0
0
0
0
0
0
0
0
0
0
0
0
0
0
0
0
0
0
0
0
0
0
0
0
0
0
0
0
0
0
0
0
0
0
0
0
0
0
0
0
0
0
0
0
0
0
0
0
0
0
0
0
0
0
0
0
0
0
0
0
0
0
0
0
0
0
0
0
0
0
0
0
0
0
0
0
0
0
0
0
0
0
0
0
0
0
0
0
0
0
0
0
0
0
0
0
0
0
0
0
0
0
0
0
0
0
0
0
0
0
0
0
0
0
0
0
0
0
0
0
0
0
0
0
0
0
0
0
0
0
0
0
0
0
0
0
0
0
0
0
0
0
0
0
0
0
0
0
0
0
0
0
0
0
0
0
0
0
0
0
0
0
0
0
0
0
0
0
0
0
0
0
0
0
0
0
0
0
0
0
0
0
0
0
0
0
0
0
0
0
0
0
0
0
0
0
0
0
0
0
0
0
0
0
0
0
0
0
0
0
0
0
0
0
0
0
0
0
0
0
0
0
0
0
0
0
0
0
0
0
0
0
0
0
0
0
0
0
0
0
0
0
0
0
0
0
0
0
0
0
0
0
0
0
0
0
0
0
0
0
0
0
0
0
0
0
0
0
0
0
0
0
0
0
0
0
0
0
0
0
0
0
0
0
0
0
0
0
0
0
0
0
0
0
0
0
0
0
0
0
0
0
0
0
0
0
0
0
0
0
0
0
0
0
0
0
0
0
0
0
0
0
0
0
0
0
0
0
0
0
0
0
0
0
0
0
0
0
0
0
0
0
0
0
0
0
0
0
0
0
0
0
0
0
0
0
0
0
0
0
0
0
0
0
0
0
0
0
0
0
0
0
0
0
0
0
0
0
0
0
0
0
0
0
0
0
0
0
0
0
0
0
0
0
0
0
0
0
0
0
0
0
0
0
0
0
0
0
0
0
0
0
0
0
0
0
0
0
0
0
0
0
0
0
0
0
0
0
0
0
0
0
0
0
0
0
0
0
0
0
0
0
0
0
0
0
0
0
0
0
0
0
0
0
0
0
0
0
0
0
0
0
0
0
0
0
0
0
0
0
0
0
0
0
0
0
0
0
0
0
0
0
0
0
0
0
0
0
0
0
0
0
0
0
0
0
0
0
0
0
0
0
0
0
0
0
0
0
0
0
0
0
0
0
0
0
0
0
0
0
0
0
0
0
0
0
0
0
0
0
0
0
0
0
0
0
0
0
0
0
0
0
0
0
0
0
0
0
0
0
0
0
0
0
0
0
0
0
0
0
0
0
0
0
0
0
0
0
0
0
0
0
0
0
0
0
0
0
0
0
0
0
0
0
0
0
0
0
0
0
0
0
0
0
0
0
0
0
0
0
0
0
0
0
0
0
0
0
0
0
0
0
0
0
0
0
0
0
0
0
0
0
0
0
0
0
0
0
0
0
0
0
0
0
0
0
0
0
0
0
0
0
0
0
0
0
0
0
0
0
0
0
0
0
0
0
0
0
0
0
0
0
0
0
0
0
0
0
0
0
0
0
0
0
0
0
0
0
0
0
0
0
0
0
0
0
0
0
0
0
0
0
0
0
0
0
0
0
0
0
0
0
0
0
0
0
0
0
0
0
0
0
0
0
0
0
0
0
0
0
0
0
0
0
0
0
0
0
0
0
0
0
0
0
0
0
0
0
0
0
0
0
0
0
0
0
0
0
0
0
0
0
0
0
0
0
0
0
0
0
0
0
0
0
0
0
0
0
0
0
0
0
0
0
0
0
0
0
0
0
0
0
0
0
0
0
0
0
0
0
0
0
0
0
0
0
0
0
0
0
0
0
0
0
0
0
0
0
0
0
0
0
0
0
0
0
0
0
0
0
0
0
0
0
0
0
0
0
0
0
0
0
0
0
0
0
0
0
0
0
0
0
0
0
0
0
0
0
0
0
0
0
0
0
0
0
0
0
0
0
0
0
0
0
0
0
0
0
0
0
0
0
0
0
0
0
0
0
0
0
0
0
0
0
0
0
0
0
0
0
0
0
0
0
0
0
0
0
0
0
0
0
0
0
0
0
0
0
0
0
0
0
0
0
0
0
0
0
0
0
0
0
0
0
0
0
0
0
0
0
0
0
0
0
0
0
0
0
0
0
0
0
0
0
0
0
0
0
0
0
0
0
0
0
0
0
0
0
0
0
0
0
0
0
0
0
0
0
0
0
0
0
0
0
0
0
0
0
0
0
0
0
0
0
0
0
0
0
0
0
0
0
0
0
0
0
0
0
0
0
0
0
0
0
0
0
0
0
0
0
0
0
0
0
0
0
0
0
0
0
0
0
0
0
0
0
0
0
0
0
0
0
0
0
0
0
0
0
0
0
0
0
0
0
0
0
0
0
0
0
0
0
0
0
0
0
0
0
0
0
0
0
0
0
0
0
0
0
0
0
0
0
0
0
0
0
0
0
0
0
0
0
0
0
0
0
0
0
0
0
0
0
0
0
0
0
0
0
0
0
0
0
0
0
0
0
0
0
0
0
0
0
0
0
0
0
0
0
0
0
0
0
0
0
0
0
0
0
0
0
0
0
0
0
0
0
0
0
0
0
0
0
0
0
0
0
0
0
0
0
0
0
0
0
0
0
0
0
0
0
0
0
0
0
0
0
0
0
0
0
0
0
0
0
0
0
0
0
0
0
0
0
0
0
0
0
0
0
0
0
0
0
0
0
0
0
0
0
0
0
0
0
0
0
0
0
0
0
0
0
0
0
0
0
0
0
0
0
0
0
0
0
0
0
0
0
0
0
0
0
0
0
0
0
0
0
0
0
0
0
0
0
0
0
0
0
0
0
0
0
0
0
0
0
0
0
0
0
0
0
0
0
0
0
0
0
0
0
0
0
0
0
0
0
0
0
0
0
0
0
0
0
0
0
0
0
0
0
0
0
0
0
0
0
0
0
0
0
0
0
0
0
0
0
0
0
0
0
0
0
0
0
0
0
0
0
0
0
0
0
0
0
0
0
0
0
0
0
0
0
0
0
0
0
0
0
0
0
0
0
0
0
0
0
0
0
0
0
0
0
0
0
0
0
0
0
0
0
0
0
0
0
0
0
0
0
0
0
0
0
0
0
0
0
0
0
0
0
0
0
0
0
0
0
0
0
0
0
0
0
0
0
0
0
0
0
0
0
0
0
0
0
0
0
0
0
0
0
0
0
0
0
0
0
0
0
0
0
0
0
0
0
0
0
0
0
0
0
0
0
0
0
0
0
0
0
0
0
0
0
0
0
0
0
0
0
0
0
0
0
0
0
0
0
0
0
0
0
0
0
0
0
0
0
0
0
0
0
0
0
0
0
0
0
0
0
0
0
0
0
0
0
0
0
0
0
0
0
0
0
0
0
0
0
0
0
0
0
0
0
0
0
0
0
0
0
0
0
0
0
0
0
0
0
0
0
0
0
0
0
0
0
0
0
0
0
0
0
0
0
0
0
0
0
0
0
0
0
0
0
0
0
0
0
0
0
0
0
0
0
0
0
0
0
0
0
0
0
0
0
0
0
0
0
0
0
0
0
0
0
0
0
0
0
0
0
0
0
0
0
0
0
0
0
0
0
0
0
0
0
0
0
0
0
0
0
0
0
0
0
0
0
0
0
0
0
0
0
0
0
0
0
0
0
0
0
0
0
0
0
0
0
0
0
0
0
0
0
0
0
0
0
0
0
0
0
0
0
0
0
0
0
0
0
0
0
0
0
0
0
0
0
0
0
0
0
0
0
0
0
0
0
0
0
0
0
0
0
0
0
0
0
0
0
0
0
0
0
0
0
0
0
0
0
0
0
0
0
0
0
0
0
0
0
0
0
0
0
0
0
0
0
0
0
0
0
0
0
0
0
0
0
0
0
0
0
0
0
0
0
0
0
0
0
0
0
0
0
0
0
0
0
0
0
0
0
0
0
0
0
0
0
0
0
0
0
0
0
0
0
0
0
0
0
0
0
0
0
0
0
0
0
0
0
0
0
0
0
0
0
0
0
0
0
0
0
0
0
0
0
0
0
0
0
0
0
0
0
0
0
0
0
0
0
0
0
0
0
0
0
0
0
0
0
0
0
0
0
0
0
0
0
0
0
0
0
0
0
0
0
0
0
0
0
0
0
0
0
0
0
0
0
0
0
0
0
0
0
0
0
0
0
0
0
0
0
0
0
0
0
0
0
0
0
0
0
0
0
0
0
0
0
0
0
0
0
0
0
0
0
0
0
0
0
0
0
0
0
0
0
0
0
0
0
0
0
0
0
0
0
0
0
0
0
0
0
0
0
0
0
0
0
0
0
0
0
0
0
0
0
0
0
0
0
0
0
0
0
0
0
0
0
0
0
0
0
0
0
0
0
0
0
0
0
0
0
0
0
0
0
0
0
0
0
0
0
0
0
0
0
0
0
0
0
0
0
0
0
0
0
0
0
0
0
0
0
0
0
0
0
0
0
0
0
0
0
0
0
0
0
0
0
0
0
0
0
0
0
0
0
0
0
0
0
0
0
0
0
0
0
0
0
0
0
0
0
0
0
0
0
0
0
0
0
0
0
0
0
0
0
0
0
0
0
0
0
0
0
0
0
0
0
0
0
0
0
0
0
0
0
0
0
0
0
0
0
0
0
0
0
0
0
0
0
0
0
0
0
0
0
0
0
0
0
0
0
0
0
0
0
0
0
0
0
0
0
0
0
0
0
0
0
0
0
0
0
0
0
0
0
0
0
0
0
0
0
0
0
0
0
0
0
0
0
0
0
0
0
0
0
0
0
0
0
0
0
0
0
0
0
0
0
0
0
0
0
0
0
0
0
0
0
0
0
0
0
0
0
0
0
0
0
0
0
0
0
0
0
0
0
0
0
0
0
0
0
0
0
0
0
0
0
0
0
0
0
0
0
0
0
0
0
0
0
0
0
0
0
0
0
0
0
0
0
0
0
0
0
0
0
0
0
0
0
0
0
0
0
0
0
0
0
0
0
0
0
0
0
0
0
0
0
0
0
0
0
0
0
0
0
0
0
0
0
0
0
0
0
0
0
0
0
0
0
0
0
0
0
0
0
0
0
0
0
0
0
0
0
0
0
0
0
0
0
0
0
0
0
0
0
0
0
0
0
0
0
0
0
0
0
0
0
0
0
0
0
0
0
0
0
0
0
0
0
0
0
0
0
0
0
0
0
0
0
0
0
0
0
0
0
0
0
0
0
0
0
0
0
0
0
0
0
0
0
0
0
0
0
0
0
0
0
0
0
0
0
0
0
0
0
0
0
0
0
0
0
0
0
0
0
0
0
0
0
0
0
0
0
0
0
0
0
0
0
0
0
0
0
0
0
0
0
0
0
0
0
0
0
0
0
0
0
0
0
0
0
0
0
0
0
0
0
0
0
0
0
0
0
0
0
0
0
0
0
0
0
0
0
0
0
0
0
0
0
0
0
0
0
0
0
0
0
0
0
0
0
0
0
0
0
0
0
0
0
0
0
0
0
0
0
0
0
0
0
0
0
0
0
0
0
0
0
0
0
0
0
0
0
0
0
0
0
0
0
0
0
0
0
0
0
0
0
0
0
0
0
0
0
0
0
0
0
0
0
0
0
0
0
0
0
0
0
0
0
0
0
0
0
0
0
0
0
0
0
0
0
0
0
0
0
0
0
0
0
0
0
0
0
0
0
0
0
0
0
0
0
0
0
0
0
0
0
0
0
0
0
0
0
0
0
0
0
0
0
0
0
0
0
0
0
0
0
0
0
0
0
0
0
0
0
0
0
0
0
0
0
0
0
0
0
0
0
0
0
0
0
0
0
0
0
0
0
0
0
0
0
0
0
0
0
0
0
0
0
0
0
0
0
0
0
0
0
0
0
0
0
0
0
0
0
0
0
0
0
0
0
0
0
0
0
0
0
0
0
0
0
0
0
0
0
0
0
0
0
0
0
0
0
0
0
0
0
0
0
0
0
0
0
0
0
0
0
0
0
0
0
0
0
0
0
0
0
0
0
0
0
0
0
0
0
0
0
0
0
0
0
0
0
0
0
0
0
0
0
0
0
0
0
0
0
0
0
0
0
0
0
0
0
0
0
0
0
0
0
0
0
0
0
0
0
0
0
0
0
0
0
0
0
0
0
0
0
0
0
0
0
0
0
0
0
0
0
0
0
0
0
0
0
0
0
0
0
0
0
0
0
0
0
0
0
0
0
0
0
0
0
0
0
0
0
0
0
0
0
0
0
0
0
0
0
0
0
0
0
0
0
0
0
0
0
0
0
0
0
0
0
0
0
0
0
0
0
0
0
0
0
0
0
0
0
0
0
0
0
0
0
0
0
0
0
0
0
0
0
0
0
0
0
0
0
0
0
0
0
0
0
0
0
0
0
0
0
0
0
0
0
0
0
0
0
0
0
0
0
0
0
0
0
0
0
0
0
0
0
0
0
0
0
0
0
0
0
0
0
0
0
0
0
0
0
0
0
0
0
0
0
0
0
0
0
0
0
0
0
0
0
0
0
0
0
0
0
0
0
0
0
0
0
0
0
0
0
0
0
0
0
0
0
0
0
0
0
0
0
0
0
0
0
0
0
0
0
0
0
0
0
0
0
0
0
0
0
0
0
0
0
0
0
0
0
0
0
0
0
0
0
0
0
0
0
0
0
0
0
0
0
0
0
0
0
0
0
0
0
0
0
0
0
0
0
0
0
0
0
0
0
0
0
0
0
0
0
0
0
0
0
0
0
0
0
0
0
0
0
0
0
0
0
0
0
0
0
0
0
0
0
0
0
0
0
0
0
0
0
0
0
0
0
0
0
0
0
0
0
0
0
0
0
0
0
0
0
0
0
0
0
0
0
0
0
0
0
0
0
0
0
0
0
0
0
0
0
0
0
0
0
0
0
0
0
0
0
0
0
0
0
0
0
0
0
0
0
0
0
0
0
0
0
0
0
0
0
0
0
0
0
0
0
0
0
0
0
0
0
0
0
0
0
0
0
0
0
0
0
0
0
0
0
0
0
0
0
0
0
0
0
0
0
0
0
0
0
0
0
0
0
0
0
0
0
0
0
0
0
0
0
0
0
0
0
0
0
0
0
0
0
0
0
0
0
0
0
0
0
0
0
0
0
0
0
0
0
0
0
0
0
0
0
0
0
0
0
0
0
0
0
0
0
0
0
0
0
0
0
0
0
0
0
0
0
0
0
0
0
0
0
0
0
0
0
0
0
0
0
0
0
0
0
0
0
0
0
0
0
0
0
0
0
0
0
0
0
0
0
0
0
0
0
0
0
0
0
0
0
0
0
0
0
0
0
0
0
0
0
0
0
0
0
0
0
0
0
0
0
0
0
0
0
0
0
0
0
0
0
0
0
0
0
0
0
0
0
0
0
0
0
0
0
0
0
0
0
0
0
0
0
0
0
0
0
0
0
0
0
0
0
0
0
0
0
0
0
0
0
0
0
0
0
0
0
0
0
0
0
0
0
0
0
0
0
0
0
0
0
0
0
0
0
0
0
0
0
0
0
0
0
0
0
0
0
0
0
0
0
0
0
0
0
0
0
0
0
0
0
0
0
0
0
0
0
0
0
0
0
0
0
0
0
0
0
0
0
0
0
0
0
0
0
0
0
0
0
0
0
0
0
0
0
0
0
0
0
0
0
0
0
0
0
0
0
0
0
0
0
0
0
0
0
0
0
0
0
0
0
0
0
0
0
0
0
0
0
0
0
0
0
0
0
0
0
0
0
0
0
0
0
0
0
0
0
0
0
0
0
0
0
0
0
0
0
0
0
0
0
0
0
0
0
0
0
0
0
0
0
0
0
0
0
0
0
0
0
0
0
0
0
0
0
0
0
0
0
0
0
0
0
0
0
0
0
0
0
0
0
0
0
0
0
0
0
0
0
0
0
0
0
0
0
0
0
0
0
0
0
0
0
0
0
0
0
0
0
0
0
0
0
0
0
0
0
0
0
0
0
0
0
0
0
0
0
0
0
0
0
0
0
0
0
0
0
0
0
0
0
0
0
0
0
0
0
0
0
0
0
0
0
0
0
0
0
0
0
0
0
0
0
0
0
0
0
0
0
0
0
0
0
0
0
0
0
0
0
0
0
0
0
0
0
0
0
0
0
0
0
0
0
0
0
0
0
0
0
0
0
0
0
0
0
0
0
0
0
0
0
0
0
0
0
0
0
0
0
0
0
0
0
0
0
0
0
0
0
0
0
0
0
0
0
0
0
0
0
0
0
0
0
0
0
0
0
0
0
0
0
0
0
0
0
0
0
0
0
0
0
0
0
0
0
0
0
0
0
0
0
0
0
0
0
0
0
0
0
0
0
0
0
0
0
0
0
0
0
0
0
0
0
0
0
0
0
0
0
0
0
0
0
0
0
0
0
0
0
0
0
0
0
0
0
0
0
0
0
0
0
0
0
0
0
0
0
0
0
0
0
0
0
0
0
0
0
0
0
0
0
0
0
0
0
0
0
0
0
0
0
0
0
0
0
0
0
0
0
0
0
0
0
0
0
0
0
0
0
0
0
0
0
0
0
0
0
0
0
0
0
0
0
0
0
0
0
0
0
0
0
0
0
0
0
0
0
0
0
0
0
0
0
0
0
0
0
0
0
0
0
0
0
0
0
0
0
0
0
0
0
0
0
0
0
0
0
0
0
0
0
0
0
0
0
0
0
0
0
0
0
0
0
0
0
0
0
0
0
0
0
0
0
0
0
0
0
0
0
0
0
0
0
0
0
0
0
0
0
0
0
0
0
0
0
0
0
0
0
0
0
0
0
0
0
0
0
0
0
0
0
0
0
0
0
0
0
0
0
0
0
0
0
0
0
0
0
0
0
0
0
0
0
0
0
0
0
0
0
0
0
0
0
0
0
0
0
0
0
0
0
0
0
0
0
0
0
0
0
0
0
0
0
0
0
0
0
0
0
0
0
0
0
0
0
0
0
0
0
0
0
0
0
0
0
0
0
0
0
0
0
0
0
0
0
0
0
0
0
0
0
0
0
0
0
0
0
0
0
0
0
0
0
0
0
0
0
0
0
0
0
0
0
0
0
0
0
0
0
0
0
0
0
0
0
0
0
0
0
0
0
0
0
0
0
0
0
0
0
0
0
0
0
0
0
0
0
0
0
0
0
0
0
0
0
0
0
0
0
0
0
0
0
0
0
0
0
0
0
0
0
0
0
0
0
0
0
0
0
0
0
0
0
0
0
0
0
0
0
0
0
0
0
0
0
0
0
0
0
0
0
0
0
0
0
0
0
0
0
0
0
0
0
0
0
0
0
0
0
0
0
0
0
0
0
0
0
0
0
0
0
0
0
0
0
0
0
0
0
0
0
0
0
0
0
0
0
0
0
0
0
0
0
0
0
0
0
0
0
0
0
0
0
0
0
0
0
0
0
0
0
0
0
0
0
0
0
0
0
0
0
0
0
0
0
0
0
0
0
0
0
0
0
0
0
0
0
0
0
0
0
0
0
0
0
0
0
0
0
0
0
0
0
0
0
0
0
0
0
0
0
0
0
0
0
0
0
0
0
0
0
0
0
0
0
0
0
0
0
0
0
0
0
0
0
0
0
0
0
0
0
0
0
0
0
0
0
0
0
0
0
0
0
0
0
0
0
0
0
0
0
0
0
0
0
0
0
0
0
0
0
0
0
0
0
0
0
0
0
0
0
0
0
0
0
0
0
0
0
0
0
0
0
0
0
0
0
0
0
0
0
0
0
0
0
0
0
0
0
0
0
0
0
0
0
0
0
0
0
0
0
0
0
0
0
0
0
0
0
0
0
0
0
0
0
0
0
0
0
0
0
0
0
0
0
0
0
0
0
0
0
0
0
0
0
0
0
0
0
0
0
0
0
0
0
0
0
0
0
0
0
0
0
0
0
0
0
0
0
0
0
0
0
0
0
0
0
0
0
0
0
0
0
0
0
0
0
0
0
0
0
0
0
0
0
0
0
0
0
0
0
0
0
0
0
0
0
0
0
0
0
0
0
0
0
0
0
0
0
0
0
0
0
0
0
0
0
0
0
0
0
0
0
0
0
0
0
0
0
0
0
0
0
0
0
0
0
0
0
0
0
0
0
0
0
0
0
0
0
0
0
0
0
0
0
0
0
0
0
0
0
0
0
0
0
0
0
0
0
0
0
0
0
0
0
0
0
0
0
0
0
0
0
0
0
0
0
0
0
0
0
0
0
0
0
0
0
0
0
0
0
0
0
0
0
0
0
0
0
0
0
0
0
0
0
0
0
0
0
0
0
0
0
0
0
0
0
0
0
0
0
0
0
0
0
0
0
0
0
0
0
0
0
0
0
0
0
0
0
0
0
0
0
0
0
0
0
0
0
0
0
0
0
0
0
0
0
0
0
0
0
0
0
0
0
0
0
0
0
0
0
0
0
0
0
0
0
0
0
0
0
0
0
0
0
0
0
0
0
0
0
0
0
0
0
0
0
0
0
0
0
0
0
0
0
0
0
0
0
0
0
0
0
0
0
0
0
0
0
0
0
0
0
0
0
0
0
0
0
0
0
0
0
0
0
0
0
0
0
0
0
0
0
0
0
0
0
0
0
0
0
0
0
0
0
0
0
0
0
0
0
0
0
0
0
0
0
0
0
0
0
0
0
0
0
0
0
0
0
0
0
0
0
0
0
0
0
0
0
0
0
0
0
0
0
0
0
0
0
0
0
0
0
0
0
0
0
0
0
0
0
0
0
0
0
0
0
0
0
0
0
0
0
0
0
0
0
0
0
0
0
0
0
0
0
0
0
0
0
0
0
0
0
0
0
0
0
0
0
0
0
0
0
0
0
0
0
0
0
0
0
0
0
0
0
0
0
0
0
0
0
0
0
0
0
0
0
0
0
0
0
0
0
0
0
0
0
0
0
0
0
0
0
0
0
0
0
0
0
0
0
0
0
0
0
0
0
0
0
0
0
0
0
0
0
0
0
0
0
0
0
0
0
0
0
0
0
0
0
0
0
0
0
0
0
0
0
0
0
0
0
0
0
0
0
0
0
0
0
0
0
0
0
0
0
0
0
0
0
0
0
0
0
0
0
0
0
0
0
0
0
0
0
0
0
0
0
0
0
0
0
0
0
0
0
0
0
0
0
0
0
0
0
0
0
0
0
0
0
0
0
0
0
0
0
0
0
0
0
0
0
0
0
0
0
0
0
0
0
0
0
0
0
0
0
0
0
0
0
0
0
0
0
0
0
0
0
0
0
0
0
0
0
0
0
0
0
0
0
0
0
0
0
0
0
0
0
0
0
0
0
0
0
0
0
0
0
0
0
0
0
0
0
0
0
0
0
0
0
0
0
0
0
0
0
0
0
0
0
0
0
0
0
0
0
0
0
0
0
0
0
0
0
0
0
0
0
0
0
0
0
0
0
0
0
0
0
0
0
0
0
0
0
0
0
0
0
0
0
0
0
0
0
0
0
0
0
0
0
0
0
0
0
0
0
0
0
0
0
0
0
0
0
0
0
0
0
0
0
0
0
0
0
0
0
0
0
0
0
0
0
0
0
0
0
0
0
0
0
0
0
0
0
0
0
0
0
0
0
0
0
0
0
0
0
0
0
0
0
0
0
0
0
0
0
0
0
0
0
0
0
0
0
0
0
0
0
0
0
0
0
0
0
0
0
0
0
0
0
0
0
0
0
0
0
0
0
0
0
0
0
0
0
0
0
0
0
0
0
0
0
0
0
0
0
0
0
0
0
0
0
0
0
0
0
0
0
0
0
0
0
0
0
0
0
0
0
0
0
0
0
0
0
0
0
0
0
0
0
0
0
0
0
0
0
0
0
0
0
0
0
0
0
0
0
0
0
0
0
0
0
0
0
0
0
0
0
0
0
0
0
0
0
0
0
0
0
0
0
0
0
0
0
0
0
0
0
0
0
0
0
0
0
0
0
0
0
0
0
0
0
0
0
0
0
0
0
0
0
0
0
0
0
0
0
0
0
0
0
0
0
0
0
0
0
0
0
0
0
0
0
0
0
0
0
0
0
0
0
0
0
0
0
0
0
0
0
0
0
0
0
0
0
0
0
0
0
0
0
0
0
0
0
0
0
0
0
0
0
0
0
0
0
0
0
0
0
0
0
0
0
0
0
0
0
0
0
0
0
0
0
0
0
0
0
0
0
0
0
0
0
0
0
0
0
0
0
0
0
0
0
0
0
0
0
0
0
0
0
0
0
0
0
0
0
0
0
0
0
0
0
0
0
0
0
0
0
0
0
0
0
0
0
0
0
0
0
0
0
0
0
0
0
0
0
0
0
0
0
0
0
0
0
0
0
0
0
0
0
0
0
0
0
0
0
0
0
0
0
0
0
0
0
0
0
0
0
0
0
0
0
0
0
0
0
0
0
0
0
0
0
0
0
0
0
0
0
0
0
0
0
0
0
0
0
0
0
0
0
0
0
0
0
0
0
0
0
0
0
0
0
0
0
0
0
0
0
0
0
0
0
0
0
0
0
0
0
0
0
0
0
0
0
0
0
0
0
0
0
0
0
0
0
0
0
0
0
0
0
0
0
0
0
0
0
0
0
0
0
0
0
0
0
0
0
0
0
0
0
0
0
0
0
0
0
0
0
0
0
0
0
0
0
0
0
0
0
0
0
0
0
0
0
0
0
0
0
0
0
0
0
0
0
0
0
0
0
0
0
0
0
0
0
0
0
0
0
0
0
0
0
0
0
0
0
0
0
0
0
0
0
0
0
0
0
0
0
0
0
0
0
0
0
0
0
0
0
0
0
0
0
0
0
0
0
0
0
0
0
0
0
0
0
0
0
0
0
0
0
0
0
0
0
0
0
0
0
0
0
0
0
0
0
0
0
0
0
0
0
0
0
0
0
0
0
0
0
0
0
0
0
0
0
0
0
0
0
0
0
0
0
0
0
0
0
0
0
0
0
0
0
0
0
0
0
0
0
0
0
0
0
0
0
0
0
0
0
0
0
0
0
0
0
0
0
0
0
0
0
0
0
0
0
0
0
0
0
0
0
0
0
0
0
0
0
0
0
0
0
0
0
0
0
0
0
0
0
0
0
0
0
0
0
0
0
0
0
0
0
0
