1
1
1
1
1
1
1
1
1
1
1
1
1
1
1
1
1
1
1
1
1
1
1
1
1
1
1
1
1
1
1
1
1
1
1
1
1
1
1
1
1
1
1
1
1
1
1
1
1
1
1
1
1
1
1
1
1
1
1
1
1
1
1
1
1
1
1
1
1
1
1
1
1
1
1
1
1
1
1
1
1
1
1
1
1
1
1
1
1
1
1
1
1
1
1
1
1
1
1
1
1
1
1
1
1
1
1
1
1
1
1
1
1
1
1
1
1
1
1
1
1
1
1
1
1
1
1
1
1
1
1
1
1
1
1
1
1
1
1
1
1
1
1
1
1
1
1
1
1
1
1
1
1
1
1
1
1
1
1
1
1
1
1
1
1
1
1
1
1
1
1
1
1
1
1
1
1
1
1
1
1
1
1
1
1
1
1
1
1
1
1
1
1
1
1
1
1
1
1
1
1
1
1
1
1
1
1
1
1
1
1
1
1
1
1
1
1
1
1
1
1
1
1
1
1
1
1
1
1
1
1
1
1
1
1
1
1
1
1
1
1
1
1
1
1
1
1
1
1
1
1
1
1
1
1
1
1
1
1
1
1
1
1
1
1
1
1
1
1
1
1
1
1
1
1
1
1
1
1
1
1
1
1
1
1
1
1
1
1
1
1
1
1
1
1
1
1
1
1
1
1
1
1
1
1
1
1
1
1
1
1
1
1
1
1
1
1
1
1
1
1
1
1
1
1
1
1
1
1
1
1
1
1
1
1
1
1
1
1
1
1
1
1
1
1
1
1
1
1
1
1
1
1
1
1
1
1
1
1
1
1
1
1
1
1
1
1
1
1
1
1
1
1
1
1
1
1
1
1
1
1
1
1
1
1
1
1
1
1
1
1
1
1
1
1
1
1
1
1
1
1
1
1
1
1
1
1
1
1
1
1
1
1
1
1
1
1
1
1
1
1
1
1
1
1
1
1
1
1
1
1
1
1
1
1
1
1
1
1
1
1
1
1
1
1
1
1
1
1
1
1
1
1
1
1
1
1
1
1
1
1
1
1
1
1
1
1
1
1
1
1
1
1
1
1
1
1
1
1
1
1
1
1
1
1
1
1
1
1
1
1
1
1
1
1
1
1
1
1
1
1
1
1
1
1
1
1
1
1
1
1
1
1
1
1
1
1
1
1
1
1
1
1
1
1
1
1
1
1
1
1
1
1
1
1
1
1
1
1
1
1
1
1
1
1
1
1
1
1
1
1
1
1
1
1
1
1
1
1
1
1
1
1
1
1
1
1
1
1
1
1
1
1
1
1
1
1
1
1
1
1
1
1
1
1
1
1
1
1
1
1
1
1
1
1
1
1
1
1
1
1
1
1
1
1
1
1
1
1
1
1
1
1
1
1
1
1
1
1
1
1
1
1
1
1
1
1
1
1
1
1
1
1
1
1
1
1
1
1
1
1
1
1
1
1
1
1
1
1
1
1
1
1
1
1
1
1
1
1
1
1
1
1
1
1
1
1
1
1
1
1
1
1
1
1
1
1
1
1
1
1
1
1
1
1
1
1
1
1
1
1
1
1
1
1
1
1
1
1
1
1
1
1
1
1
1
1
1
1
1
1
1
1
1
1
1
1
1
1
1
1
1
1
1
1
1
1
1
1
1
1
1
1
1
1
1
1
1
1
1
1
1
1
1
1
1
1
1
1
1
1
1
1
1
1
1
1
1
1
1
1
1
1
1
1
1
1
1
1
1
1
1
1
1
1
1
1
1
1
1
1
1
1
1
1
1
1
1
1
1
1
1
1
1
1
1
1
1
1
1
1
1
1
1
1
1
1
1
1
1
1
1
1
1
1
1
1
1
1
1
1
1
1
1
1
1
1
1
1
1
1
1
1
1
1
1
1
1
1
1
1
1
1
1
1
1
1
1
1
1
1
1
1
1
1
1
1
1
1
1
1
1
1
1
1
1
1
1
1
1
1
1
1
1
1
1
1
1
1
1
1
1
1
1
1
1
1
1
1
1
1
1
1
1
1
1
1
1
1
1
1
1
1
1
1
1
1
1
1
1
1
1
1
1
1
1
1
1
1
1
1
1
1
1
1
1
1
1
1
1
1
1
1
1
1
1
1
1
1
1
1
1
1
1
1
1
1
1
1
1
1
1
1
1
1
1
1
1
1
1
1
1
1
1
1
1
1
1
1
1
1
1
1
1
1
1
1
1
1
1
1
1
1
1
1
1
1
1
1
1
1
1
1
1
1
1
1
1
1
1
1
1
1
1
1
1
1
1
1
1
1
1
1
1
1
1
1
1
1
1
1
1
1
1
1
1
1
1
1
1
1
1
1
1
1
1
1
1
1
1
1
1
1
1
1
1
1
1
1
1
1
1
1
1
1
1
1
1
1
1
1
1
1
1
1
1
1
1
1
1
1
1
1
1
1
1
1
1
1
1
1
1
1
1
1
1
1
1
1
1
1
1
1
1
1
1
1
1
1
1
1
1
1
1
1
1
1
1
1
1
1
1
1
1
1
1
1
1
1
1
1
1
1
1
1
1
1
1
1
1
1
1
1
1
1
1
1
1
1
1
1
1
1
1
1
1
1
1
1
1
1
1
1
1
1
1
1
1
1
1
1
1
1
1
1
1
1
1
1
1
1
1
1
1
1
1
1
1
1
1
1
1
1
1
1
1
1
1
1
1
1
1
1
1
1
1
1
1
1
1
1
1
1
1
1
1
1
1
1
1
1
1
1
1
1
1
1
1
1
1
1
1
1
1
1
1
1
1
1
1
1
1
1
1
1
1
1
1
1
1
1
1
1
1
1
1
1
1
1
1
1
1
1
1
1
1
1
1
1
1
1
1
1
1
1
1
1
1
1
1
1
1
1
1
1
1
1
1
1
1
1
1
1
1
1
1
1
1
1
1
1
1
1
1
1
1
1
1
1
1
1
1
1
1
1
1
1
1
1
1
1
1
1
1
1
1
1
1
1
1
1
1
1
1
1
1
1
1
1
1
1
1
1
1
1
1
1
1
1
1
1
1
1
1
1
1
1
1
1
1
1
1
1
1
1
1
1
1
1
1
1
1
1
1
1
1
1
1
1
1
1
1
1
1
1
1
1
1
1
1
1
1
1
1
1
1
1
1
1
1
1
1
1
1
1
1
1
1
1
1
1
1
1
1
1
1
1
1
1
1
1
1
1
1
1
1
1
1
1
1
1
1
1
1
1
1
1
1
1
1
1
1
1
1
1
1
1
1
1
1
1
1
1
1
1
1
1
1
1
1
1
1
1
1
1
1
1
1
1
1
1
1
1
1
1
1
1
1
1
1
1
1
1
1
1
1
1
1
1
1
1
1
1
1
1
1
1
1
1
1
1
1
1
1
1
1
1
1
1
1
1
1
1
1
1
1
1
1
1
1
1
1
1
1
1
1
1
1
1
1
1
1
1
1
1
1
1
1
1
1
1
1
1
1
1
1
1
1
1
1
1
1
1
1
1
1
1
1
1
1
1
1
1
1
1
1
1
1
1
1
1
1
1
1
1
1
1
1
1
1
1
1
1
1
1
1
1
1
1
1
1
1
1
1
1
1
1
1
1
1
1
1
1
1
1
1
1
1
1
1
1
1
1
1
1
1
1
1
1
1
1
1
1
1
1
1
1
1
1
1
1
1
1
1
1
1
1
1
1
1
1
1
1
1
1
1
1
1
1
1
1
1
1
1
1
1
1
1
1
1
1
1
1
1
1
1
1
1
1
1
1
1
1
1
1
1
1
1
1
1
1
1
1
1
1
1
1
1
1
1
1
1
1
1
1
1
1
1
1
1
1
1
1
1
1
1
1
1
1
1
1
1
1
1
1
1
1
1
1
1
1
1
1
1
1
1
1
1
1
1
1
1
1
1
1
1
1
1
1
1
1
1
1
1
1
1
1
1
1
1
1
1
1
1
1
1
1
1
1
1
1
1
1
1
1
1
1
1
1
1
1
1
1
1
1
1
1
1
1
1
1
1
1
1
1
1
1
1
1
1
1
1
1
1
1
1
1
1
1
1
1
1
1
1
1
1
1
1
1
1
1
1
1
1
1
1
1
1
1
1
1
1
1
1
1
1
1
1
1
1
1
1
1
1
1
1
1
1
1
1
1
1
1
1
1
1
1
1
1
1
1
1
1
1
1
1
1
1
1
1
1
1
1
1
1
1
1
1
1
1
1
1
1
1
1
1
1
1
1
1
1
1
1
1
1
1
1
1
1
1
1
1
1
1
1
1
1
1
1
1
1
1
1
1
1
1
1
1
1
1
1
1
1
1
1
1
1
1
1
1
1
1
1
1
1
1
1
1
1
1
1
1
1
1
1
1
1
1
1
1
1
1
1
1
1
1
1
1
1
1
1
1
1
1
1
1
1
1
1
1
1
1
1
1
1
1
1
1
1
1
1
1
1
1
1
1
1
1
1
1
1
1
1
1
1
1
1
1
1
1
1
1
1
1
1
1
1
1
1
1
1
1
1
1
1
1
1
1
1
1
1
1
1
1
1
1
1
1
1
1
1
1
1
1
1
1
1
1
1
1
1
1
1
1
1
1
1
1
1
1
1
1
1
1
1
1
1
1
1
1
1
1
1
1
1
1
1
1
1
1
1
1
1
1
1
1
1
1
1
1
1
1
1
1
1
1
1
1
1
1
1
1
1
1
1
1
1
1
1
1
1
1
1
1
1
1
1
1
1
1
1
1
1
1
1
1
1
1
1
1
1
1
1
1
1
1
1
1
1
1
1
1
1
1
1
1
1
1
1
1
1
1
1
1
1
1
1
1
1
1
1
1
1
1
1
1
1
1
1
1
1
1
1
1
1
1
1
1
1
1
1
1
1
1
1
1
1
1
1
1
1
1
1
1
1
1
1
1
1
1
1
1
1
1
1
1
1
1
1
1
1
1
1
1
1
1
1
1
1
1
1
1
1
1
1
1
1
1
1
1
1
1
1
1
1
1
1
1
1
1
1
1
1
1
1
1
1
1
1
1
1
1
1
1
1
1
1
1
1
1
1
1
1
1
1
1
1
1
1
1
1
1
1
1
1
1
1
1
1
1
1
1
1
1
1
1
1
1
1
1
1
1
1
1
1
1
1
1
1
1
1
1
1
1
1
1
1
1
1
1
1
1
1
1
1
1
1
1
1
1
1
1
1
1
1
1
1
1
1
1
1
1
1
1
1
1
1
1
1
1
1
1
1
1
1
1
1
1
1
1
1
1
1
1
1
1
1
1
1
1
1
1
1
1
1
1
1
1
1
1
1
1
1
1
1
1
1
1
1
1
1
1
1
1
1
1
1
1
1
1
1
1
1
1
1
1
1
1
1
1
1
1
1
1
1
1
1
1
1
1
1
1
1
1
1
1
1
1
1
1
1
1
1
1
1
1
1
1
1
1
1
1
1
1
1
1
1
1
1
1
1
1
1
1
1
1
1
1
1
1
1
1
1
1
1
1
1
1
1
1
1
1
1
1
1
1
1
1
1
1
1
1
1
1
1
1
1
1
1
1
1
1
1
1
1
1
1
1
1
1
1
1
1
1
1
1
1
1
1
1
1
1
1
1
1
1
1
1
1
1
1
1
1
1
1
1
1
1
1
1
1
1
1
1
1
1
1
1
1
1
1
0.99993
0.999895
0.999853
0.999812
0.99976
0.999725
0.999654
0.999607
0.999561
0.999531
0.999461
0.999367
0.999291
0.999221
0.999156
0.999104
0.999039
0.998957
0.998875
0.998816
0.99874
0.998723
0.998676
0.998623
0.998559
0.998482
0.998389
0.998336
0.998283
0.998166
0.998131
0.998055
0.998008
0.997955
0.997902
0.997826
0.997803
0.997773
0.997727
0.997691
0.997645
0.997598
0.997522
0.997481
0.997422
0.997398
0.997352
0.997299
0.997264
0.997199
0.997158
0.997106
0.997035
0.996953
0.996883
0.996824
0.99676
0.996678
0.996607
0.996531
0.996461
0.996426
0.996379
0.996297
0.996203
0.99615
0.996104
0.996057
0.995986
0.995922
0.995863
0.995799
0.995746
0.99567
0.9956
0.995512
0.995424
0.995377
0.995318
0.995272
0.995184
0.995067
0.994967
0.994902
0.99485
0.994779
0.994715
0.994656
0.994604
0.994545
0.994469
0.99441
0.994369
0.994246
0.994182
0.994106
0.994047
0.993965
0.993865
0.993801
0.993742
0.993684
0.993631
0.993555
0.993496
0.993426
0.993379
0.993326
0.993268
0.993203
0.993151
0.993104
0.993051
0.99301
0.992934
0.992893
0.992852
0.992811
0.992746
0.992647
0.992617
0.992529
0.992477
0.992442
0.992401
0.992278
0.992248
0.99216
0.992119
0.992078
0.991996
0.991944
0.991908
0.99185
0.991797
0.991756
0.991703
0.991645
0.991604
0.991539
0.991469
0.991416
0.991346
0.99127
0.991223
0.991153
0.991082
0.991018
0.990924
0.990842
0.99076
0.99069
0.990625
0.990537
0.990502
0.990461
0.990426
0.990379
0.990297
0.990256
0.990186
0.990104
0.990016
0.989975
0.989934
0.989899
0.98984
0.989764
0.989711
0.98967
0.989582
0.9895
0.989447
0.989389
0.989324
0.989254
0.989172
0.989125
0.989049
0.988985
0.988944
0.988891
0.988803
0.988756
0.988692
0.988651
0.988592
0.988539
0.988487
0.988451
0.988387
0.98827
0.988217
0.988153
0.9881
0.98803
0.987989
0.987942
0.987877
0.987836
0.987819
0.987719
0.987672
0.987631
0.987561
0.987526
0.987467
0.987397
0.987332
0.987285
0.987198
0.987127
0.987069
0.986951
0.98691
0.986875
0.986793
0.98674
0.986658
0.986571
0.9865
0.986418
0.986395
0.986295
0.986242
0.986178
0.986143
0.986096
0.986037
0.986008
0.985961
0.985897
0.98585
0.985785
0.985709
0.985668
0.98561
0.985551
0.985487
0.985446
0.985381
0.98534
0.985287
0.985241
0.985194
0.985129
0.9851
0.98503
0.984977
0.984918
0.984854
0.984813
0.98476
0.984713
0.984678
0.984614
0.984573
0.98452
0.984461
0.984414
0.984373
0.984297
0.984221
0.984174
0.984133
0.984069
0.984016
0.983981
0.983946
0.983875
0.983828
0.98377
0.983711
0.983664
0.983588
0.983506
0.983465
0.983371
0.983342
0.983289
0.983266
0.98319
0.983084
0.983014
0.982938
0.982862
0.982815
0.982785
0.982727
0.982668
0.982604
0.982545
0.982469
0.982422
0.982364
0.982334
0.982276
0.982188
0.982141
0.982118
0.9821
0.98203
0.981989
0.981948
0.981895
0.981842
0.981795
0.981754
0.981678
0.981625
0.981573
0.98152
0.981496
0.981444
0.981373
0.981315
0.98125
0.981186
0.981151
0.981098
0.981051
0.981004
0.98094
0.980911
0.980846
0.980776
0.980729
0.980682
0.980612
0.980541
0.980471
0.980395
0.980342
0.980319
0.980278
0.980219
0.980166
0.980079
0.980026
0.979985
0.97992
0.979838
0.979774
0.979686
0.979627
0.979586
0.979528
0.979481
0.979411
0.97937
0.979305
0.979229
0.979182
0.979129
0.979059
0.979
0.978936
0.978872
0.978825
0.978784
0.978737
0.978666
0.978584
0.978537
0.978473
0.978432
0.978397
0.978321
0.978286
0.97825
0.97818
0.978122
0.978057
0.977975
0.977911
0.977893
0.977829
0.977782
0.9777
0.977653
0.977629
0.977571
0.977489
0.977454
0.977395
0.977348
0.977319
0.977207
0.977155
0.977096
0.97702
0.976932
0.976879
0.976844
0.976797
0.976721
0.976668
0.976645
0.976575
0.97651
0.976446
0.976364
0.976317
0.976282
0.976223
0.976188
0.976112
0.976024
0.975983
0.975936
0.975889
0.975854
0.975772
0.975719
0.975643
0.975584
0.975561
0.975502
0.97545
0.975379
0.975315
0.975221
0.975168
0.975116
0.975045
0.975016
0.974969
0.974887
0.974817
0.974747
0.974682
0.974618
0.974512
0.974436
0.974383
0.974301
0.974231
0.974155
0.974102
0.974026
0.973932
0.973874
0.973797
0.973745
0.973668
0.973592
0.973534
0.973475
0.973405
0.973364
0.973258
0.973217
0.973141
0.973077
0.972983
0.972936
0.972889
0.972854
0.972831
0.972725
0.972661
0.972573
0.972508
0.972461
0.972397
0.972321
0.972256
0.972174
0.972104
0.972016
0.971946
0.971881
0.971794
0.971729
0.971647
0.971571
0.971436
0.971383
0.971301
0.971178
0.97112
0.971073
0.970991
0.970915
0.97085
0.970774
0.970704
0.970622
0.970534
0.970487
0.970434
0.97037
0.970317
0.970235
0.970141
0.970094
0.970001
0.969901
0.969813
0.969719
0.969672
0.969596
0.969462
0.969403
0.969321
0.969239
0.969174
0.969098
0.969005
0.968928
0.968852
0.968753
0.968706
0.968635
0.968565
0.968483
0.968407
0.968348
0.968278
0.968172
0.968126
0.968073
0.967991
0.967897
0.967809
0.967716
0.96761
0.967557
0.967481
0.967428
0.967364
0.967317
0.967264
0.9672
0.967112
0.96703
0.966942
0.966872
0.966784
0.966719
0.966626
0.966526
0.966432
0.966362
0.966292
0.966227
0.966145
0.966022
0.96594
0.96587
0.965776
0.965682
0.965647
0.965518
0.965454
0.96536
0.965237
0.965155
0.965032
0.964967
0.964915
0.964798
0.964727
0.964634
0.964563
0.964446
0.964382
0.964276
0.964182
0.964077
0.964024
0.963948
0.963854
0.963766
0.963684
0.963585
0.963509
0.96338
0.963274
0.963169
0.963075
0.962946
0.962864
0.962805
0.962759
0.962682
0.962606
0.96253
0.96243
0.962301
0.962231
0.962143
0.962061
0.961944
0.961809
0.961727
0.961669
0.961581
0.961505
0.961411
0.961288
0.961206
0.961112
0.96103
0.960907
0.960802
0.960679
0.960602
0.960462
0.960368
0.960257
0.960175
0.96004
0.959929
0.959764
0.959647
0.959483
0.959378
0.959302
0.959208
0.959155
0.959032
0.958891
0.958839
0.958739
0.958616
0.958534
0.958458
0.958311
0.958229
0.95813
0.957977
0.957831
0.957702
0.95762
0.957515
0.957356
0.957216
0.95711
0.956975
0.956847
0.956688
0.956548
0.956431
0.95636
0.956231
0.956026
0.955897
0.955804
0.955681
0.955534
0.955388
0.955241
0.955153
0.954966
0.954796
0.954731
0.954591
0.95452
0.954397
0.954257
0.954122
0.954017
0.953858
0.953677
0.953536
0.953401
0.953255
0.95312
0.953009
0.952909
0.952774
0.952604
0.952464
0.952335
0.952159
0.951948
0.951843
0.951726
0.951626
0.951468
0.951292
0.951134
0.951017
0.950853
0.9507
0.950524
0.950378
0.950243
0.950079
0.949921
0.949728
0.949528
0.949341
0.949165
0.948937
0.948772
0.948603
0.948444
0.948286
0.948175
0.948022
0.947847
0.947677
0.947513
0.94736
0.947091
0.946868
0.946698
0.946534
0.946358
0.946153
0.945954
0.945732
0.945515
0.945362
0.945157
0.944958
0.9448
0.94463
0.944472
0.94429
0.944067
0.943857
0.943646
0.943423
0.943189
0.943019
0.942796
0.942626
0.942486
0.94228
0.942046
0.941859
0.941653
0.941478
0.941296
0.941073
0.940821
0.940517
0.940335
0.940112
0.939931
0.939743
0.939497
0.939298
0.939017
0.938806
0.938577
0.938325
0.938191
0.938044
0.937804
0.937558
0.937347
0.937136
0.936925
0.936656
0.93638
0.936152
0.935894
0.935636
0.935413
0.935208
0.934945
0.934675
0.934423
0.934259
0.934025
0.933802
0.933521
0.93324
0.933011
0.932712
0.932454
0.932173
0.931892
0.931663
0.931382
0.931107
0.930843
0.930603
0.930333
0.93014
0.929888
0.929572
0.929326
0.929021
0.928734
0.92847
0.928277
0.92796
0.927591
0.927292
0.927035
0.926847
0.926554
0.92622
0.92591
0.925617
0.9253
0.925037
0.924826
0.924486
0.924234
0.923894
0.923642
0.923414
0.923091
0.922798
0.922476
0.922166
0.921843
0.921574
0.921334
0.921058
0.920695
0.920379
0.91998
0.919605
0.919236
0.918879
0.918568
0.918269
0.917847
0.917554
0.917197
0.916828
0.916465
0.916189
0.915814
0.915463
0.915035
0.914707
0.914361
0.914127
0.913687
0.913318
0.913031
0.912627
0.912275
0.911912
0.911572
0.911297
0.910916
0.910582
0.91023
0.909908
0.90948
0.909041
0.908689
0.908344
0.907986
0.907558
0.907096
0.906767
0.906293
0.9059
0.905549
0.905203
0.904799
0.904359
0.903943
0.903603
0.903234
0.902836
0.902426
0.90198
0.901559
0.901131
0.900756
0.900334
0.899982
0.899549
0.899121
0.898717
0.898342
0.897979
0.897563
0.897018
0.89652
0.896004
0.895529
0.895037
0.89458
0.894164
0.893596
0.893063
0.892723
0.892231
0.891873
0.891492
0.89107
0.890643
0.890162
0.889658
0.889207
0.888791
0.888217
0.887783
0.88735
0.886881
0.886512
0.885967
0.885516
0.885059
0.88452
0.884174
0.883641
0.883213
0.882715
0.882211
0.881801
0.881244
0.880676
0.880137
0.879657
0.879153
0.878713
0.878168
0.877788
0.877307
0.876844
0.876364
0.875883
0.87542
0.874999
0.874518
0.873997
0.873499
0.873001
0.872485
0.871969
0.871354
0.870885
0.87037
0.869901
0.869415
0.868958
0.868524
0.867991
0.867534
0.866983
0.866362
0.865858
0.865319
0.864768
0.864165
0.863661
0.863245
0.862677
0.862202
0.861704
0.86113
0.860473
0.859928
0.859483
0.858938
0.858347
0.857895
0.857374
0.856905
0.856407
0.855921
0.855376
0.854913
0.854415
0.853876
0.853384
0.852921
0.852499
0.851913
0.851421
0.850788
0.850308
0.849657
0.849206
0.848743
0.848321
0.84787
0.847278
0.84678
0.846265
0.845755
0.845257
0.844683
0.844191
0.843739
0.843177
0.842773
0.842193
0.841653
0.841185
0.840622
0.840165
0.839661
0.839146
0.838566
0.838091
0.837406
0.836943
0.836345
0.835841
0.835302
0.83481
0.834247
0.833743
0.833292
0.832818
0.832361
0.831874
0.831394
0.830861
0.830363
0.8298
0.829214
0.828669
0.828171
0.827609
0.827111
0.826572
0.826097
0.825587
0.825042
0.824521
0.824005
0.823414
0.822886
0.822447
0.821972
0.821474
0.821
0.820496
0.820015
0.819464
0.819043
0.818474
0.817953
0.817314
0.816804
0.816224
0.815715
0.815181
0.814695
0.814232
0.813775
0.813166
0.812586
0.812041
0.811595
0.811004
0.81043
0.80982
0.809135
0.808613
0.808144
0.807599
0.80706
0.80658
0.806023
0.805478
0.804992
0.804447
0.804019
0.803504
0.802889
0.802367
0.801904
0.801354
0.800879
0.800258
0.79976
0.799121
0.798547
0.798002
0.797492
0.796965
0.796438
0.795875
0.79526
0.794744
0.794235
0.793807
0.793309
0.79277
0.792231
0.79168
0.791176
0.790637
0.790121
0.789553
0.789002
0.788428
0.787865
0.787362
0.78677
0.786237
0.785633
0.785
0.784455
0.783834
0.783371
0.782821
0.782264
0.781772
0.781327
0.780828
0.780295
0.779856
0.779264
0.778748
0.778256
0.777653
0.777166
0.776674
0.776165
0.77562
0.775151
0.77467
0.774149
0.773633
0.77317
0.772708
0.772192
0.771606
0.771073
0.770598
0.770088
0.769667
0.769063
0.76853
0.768038
0.767575
0.767118
0.766596
0.766122
0.765653
0.765132
0.764516
0.764007
0.763561
0.762964
0.76246
0.762014
0.761481
0.761048
0.760503
0.759917
0.759466
0.758809
0.758399
0.757843
0.757315
0.756729
0.756132
0.755675
0.755059
0.754597
0.754022
0.753425
0.752909
0.752352
0.751737
0.751151
0.750694
0.750144
0.749587
0.749054
0.748538
0.747976
0.747413
0.746903
0.74647
0.745983
0.745491
0.744929
0.744442
0.743909
0.743329
0.742773
0.742316
0.741829
0.741296
0.740775
0.740282
0.739761
0.739228
0.738689
0.738155
0.737587
0.736995
0.736538
0.735993
0.735413
0.734927
0.734529
0.734036
0.733492
0.732911
0.732314
0.731857
0.731394
0.730943
0.730415
0.729829
0.72932
0.728833
0.728406
0.727949
0.727363
0.726859
0.726308
0.725839
0.725318
0.724761
0.724269
0.723654
0.723091
0.722564
0.722013
0.721462
0.720882
0.720414
0.719857
0.719283
0.718732
0.718193
0.717589
0.717062
0.716435
0.715931
0.715486
0.71497
0.714461
0.714004
0.713576
0.713043
0.712515
0.711994
0.711431
0.710904
0.7104
0.70982
0.709416
0.708836
0.708185
0.707664
0.707101
0.706521
0.706017
0.705543
0.704945
0.704365
0.703726
0.703141
0.702672
0.702139
0.701518
0.701078
0.700551
0.700012
0.699566
0.698992
0.698477
0.69802
0.697451
0.696959
0.696285
0.695752
0.695125
0.694627
0.694076
0.693514
0.692998
0.692453
0.691908
0.691375
0.690877
0.69032
0.689787
0.689225
0.688645
0.688147
0.687561
0.686987
0.686483
0.68585
0.685258
0.684713
0.684174
0.683576
0.683067
0.68261
0.682047
0.681479
0.680946
0.680371
0.679709
0.679205
0.67876
0.678215
0.677676
0.677143
0.676586
0.676118
0.675485
0.674975
0.674483
0.674073
0.673499
0.672977
0.672473
0.67184
0.671307
0.67078
0.670299
0.669778
0.669374
0.668876
0.668354
0.667903
0.667358
0.666872
0.666286
0.665776
0.66526
0.664762
0.664241
0.663725
0.663216
0.662729
0.662243
0.661727
0.661206
0.660743
0.660128
0.6596
0.659143
0.658552
0.658042
0.657497
0.657081
0.656636
0.656143
0.655681
0.655136
0.654585
0.653999
0.653513
0.652997
0.652376
0.651872
0.651397
0.650899
0.650407
0.649915
0.649423
0.648896
0.648345
0.647823
0.647366
0.646739
0.646153
0.645608
0.645081
0.644519
0.643909
0.643487
0.642907
0.642409
0.641753
0.641279
0.640657
0.640154
0.639655
0.639152
0.638683
0.638202
0.637728
0.637165
0.636714
0.636175
0.63563
0.635021
0.634558
0.634013
0.633415
0.632818
0.632349
0.631751
0.631253
0.63079
0.630228
0.62963
0.629068
0.628412
0.627873
0.627263
0.626706
0.626097
0.625423
0.62496
0.624439
0.623947
0.623402
0.622787
0.622212
0.621498
0.62097
0.620361
0.619693
0.619154
0.618638
0.618058
0.617548
0.61698
0.616564
0.615955
0.615439
0.614918
0.614314
0.613658
0.613183
0.612603
0.612011
0.611449
0.610916
0.610301
0.609732
0.609211
0.608654
0.608121
0.607599
0.607107
0.606533
0.605994
0.605437
0.604857
0.604301
0.603762
0.603176
0.602707
0.602074
0.601559
0.601084
0.60048
0.599924
0.599438
0.598975
0.598395
0.597838
0.597293
0.596748
0.59625
0.595641
0.595096
0.594592
0.594111
0.593496
0.592992
0.592494
0.591955
0.591358
0.590865
0.590256
0.589682
0.589131
0.588574
0.588
0.587397
0.587039
0.586448
0.585908
0.585317
0.584807
0.584309
0.583823
0.583289
0.582838
0.58234
0.581877
0.581291
0.580787
0.580178
0.579575
0.579012
0.578379
0.577875
0.577348
0.576791
0.576346
0.575795
0.575338
0.574665
0.57412
0.573586
0.573012
0.572479
0.571952
0.571424
0.57095
0.57051
0.570012
0.569438
0.568835
0.568354
0.567868
0.56737
0.56676
0.566216
0.565583
0.564973
0.564387
0.563831
0.563333
0.562846
0.562348
0.561874
0.561311
0.560708
0.56011
0.559706
0.559079
0.558639
0.558089
0.557632
0.557069
0.556507
0.555903
0.555341
0.554813
0.554397
0.553899
0.553395
0.552903
0.552317
0.551837
0.551345
0.550806
0.550202
0.549634
0.54913
0.548644
0.548116
0.547542
0.547038
0.546458
0.545831
0.545304
0.544747
0.544191
0.543681
0.543171
0.542626
0.542069
0.541571
0.541015
0.540493
0.539948
0.539351
0.538718
0.538161
0.537581
0.537042
0.536497
0.535964
0.535443
0.534921
0.534347
0.533702
0.533105
0.532624
0.532202
0.531658
0.531142
0.530726
0.53021
0.529701
0.529179
0.528716
0.528148
0.527644
0.52707
0.526525
0.526003
0.525529
0.524984
0.52448
0.523982
0.523443
0.522804
0.522259
0.521656
0.521152
0.520695
0.520168
0.519658
0.519125
0.518597
0.518093
0.517619
0.517027
0.516517
0.515943
0.515398
0.514924
0.514367
0.513881
0.513283
0.512703
0.512146
0.51156
0.511121
0.510611
0.510078
0.509627
0.509064
0.50856
0.508015
0.507506
0.506961
0.506439
0.505965
0.50542
0.504933
0.504418
0.503914
0.50334
0.502807
0.502238
0.50174
0.501201
0.500603
0.500064
0.499625
0.499127
0.498652
0.498225
0.497727
0.49727
0.496783
0.496297
0.495746
0.495166
0.494621
0.494123
0.493567
0.492986
0.492465
0.491932
0.491381
0.490766
0.490221
0.489694
0.489237
0.488645
0.488135
0.487578
0.487033
0.486448
0.485932
0.485346
0.48476
0.484262
0.483647
0.483196
0.482621
0.481977
0.48145
0.480922
0.480436
0.479926
0.47937
0.478871
0.478321
0.477788
0.477108
0.476522
0.47603
0.475584
0.475075
0.474512
0.474008
0.473422
0.472924
0.472368
0.47194
0.47136
0.470809
0.470247
0.469626
0.469063
0.468589
0.468131
0.467616
0.467182
0.466626
0.466204
0.465682
0.465149
0.464669
0.464083
0.46362
0.463016
0.462512
0.462044
0.461516
0.460919
0.460444
0.459852
0.459319
0.45878
0.4582
0.457761
0.457292
0.45677
0.456179
0.455669
0.455083
0.454591
0.454034
0.453483
0.452927
0.452435
0.451901
0.451362
0.450923
0.450425
0.44995
0.449394
0.448855
0.448321
0.447829
0.447372
0.446786
0.44623
0.445702
0.445146
0.444571
0.444009
0.443458
0.442901
0.442304
0.441829
0.441372
0.440821
0.440347
0.439749
0.439228
0.438782
0.438197
0.437652
0.437118
0.436609
0.435993
0.435472
0.434933
0.434388
0.433902
0.433357
0.432788
0.432185
0.431605
0.431037
0.430486
0.429783
0.429121
0.428617
0.428136
0.427685
0.427234
0.426677
0.426097
0.425535
0.424931
0.424357
0.423812
0.42332
0.422787
0.422306
0.421691
0.421064
0.420548
0.420056
0.419605
0.419125
0.418591
0.417982
0.417472
0.416916
0.416359
0.415715
0.415199
0.414713
0.414209
0.413629
0.413019
0.412375
0.411859
0.411408
0.410851
0.410359
0.409849
0.409433
0.409023
0.40839
0.407846
0.407406
0.406832
0.406275
0.405607
0.405016
0.404418
0.403902
0.403434
0.402836
0.402232
0.401711
0.40123
0.400797
0.400381
0.399742
0.399309
0.398863
0.398324
0.397814
0.397293
0.39669
0.396203
0.395635
0.395037
0.394551
0.394024
0.393426
0.392975
0.392401
0.391926
0.391404
0.39083
0.390367
0.389758
0.389248
0.388703
0.388199
0.387701
0.387162
0.386594
0.386026
0.385346
0.384813
0.384198
0.383787
0.383237
0.382703
0.382141
0.381678
0.381104
0.380495
0.379961
0.379481
0.378948
0.378409
0.377829
0.377084
0.376516
0.376006
0.375374
0.374747
0.374225
0.373633
0.373147
0.372508
0.372028
0.371501
0.371003
0.370604
0.370129
0.369544
0.368958
0.368542
0.36802
0.367546
0.366983
0.366462
0.365887
0.365348
0.364762
0.364229
0.363614
0.362911
0.362348
0.361856
0.361235
0.360702
0.360128
0.35953
0.358944
0.358382
0.357948
0.357374
0.356782
0.35619
0.355675
0.355089
0.354626
0.354157
0.3537
0.353149
0.352645
0.352106
0.35152
0.351034
0.350472
0.349956
0.349464
0.348872
0.348345
0.347829
0.347185
0.346728
0.346212
0.34565
0.34514
0.344671
0.344138
0.34364
0.343107
0.342556
0.342034
0.341495
0.340962
0.3404
0.33982
0.339298
0.338794
0.338314
0.337781
0.337218
0.336656
0.33607
0.335548
0.334974
0.334376
0.333831
0.333251
0.332689
0.332214
0.33171
0.331177
0.330556
0.330081
0.329548
0.32898
0.328435
0.327831
0.327357
0.326724
0.32622
0.325687
0.325095
0.324574
0.32397
0.323373
0.322863
0.322289
0.321679
0.321164
0.32056
0.319945
0.319295
0.318925
0.31824
0.317584
0.317109
0.316511
0.31592
0.315369
0.314935
0.314332
0.31374
0.313213
0.31265
0.311953
0.31139
0.310828
0.310318
0.309744
0.309146
0.308637
0.308144
0.307635
0.307154
0.306598
0.306
0.305373
0.304805
0.304289
0.303756
0.303117
0.302566
0.301992
0.301482
0.301049
0.300475
0.300041
0.29942
0.298846
0.2984
0.297832
0.297287
0.296789
0.296203
0.29567
0.295195
0.294733
0.294106
0.293526
0.29291
0.292336
0.291604
0.29107
0.29052
0.289899
0.289412
0.28885
0.288393
0.28786
0.287332
0.286881
0.286336
0.28578
0.285117
0.284514
0.283864
0.283266
0.282662
0.282188
0.281643
0.281022
0.28043
0.279991
0.279481
0.278936
0.278274
0.277741
0.277225
0.276721
0.276082
0.275526
0.275004
0.274512
0.274032
0.273434
0.272854
0.272338
0.27177
0.271272
0.270704
0.270135
0.269626
0.269098
0.268571
0.26802
0.267381
0.266837
0.266356
0.265794
0.265219
0.264675
0.264071
0.263573
0.263075
0.262407
0.261786
0.261259
0.260784
0.260268
0.259706
0.259091
0.258534
0.257995
0.25738
0.256823
0.256237
0.255692
0.255147
0.254544
0.254028
0.253466
0.252909
0.252364
0.251802
0.251269
0.250683
0.250126
0.249593
0.249065
0.248515
0.247993
0.247349
0.246833
0.246165
0.245608
0.244964
0.244284
0.243687
0.243048
0.242503
0.241841
0.241202
0.240628
0.239937
0.239327
0.238788
0.238243
0.237646
0.237124
0.236527
0.235906
0.235249
0.23471
0.234183
0.233638
0.233128
0.232484
0.231851
0.231283
0.230726
0.230146
0.229548
0.228968
0.228388
0.227785
0.227205
0.226683
0.226056
0.225517
0.224843
0.224251
0.223648
0.223103
0.222593
0.221925
0.221328
0.22083
0.220308
0.219793
0.219207
0.218744
0.218228
0.217648
0.21705
0.216447
0.215908
0.215287
0.214736
0.214168
0.213623
0.212996
0.212433
0.211801
0.211215
0.210687
0.210084
0.20948
0.208865
0.208285
0.207658
0.20706
0.206533
0.205976
0.205273
0.2046
0.204066
0.203434
0.20283
0.202215
0.201723
0.20109
0.200568
0.200064
0.19959
0.199004
0.198318
0.197744
0.197223
0.196625
0.195992
0.195418
0.194908
0.194135
0.193631
0.193104
0.192524
0.191826
0.191141
0.190578
0.190016
0.189483
0.188932
0.188498
0.18786
0.187344
0.186805
0.186242
0.185674
0.185035
0.184455
0.18384
0.183237
0.182645
0.182047
0.181461
0.180823
0.180266
0.179733
0.179065
0.178391
0.177758
0.177102
0.176528
0.175901
0.17528
0.17467
0.174084
0.173434
0.172907
0.172256
0.171606
0.17092
0.170305
0.16976
0.169186
0.168659
0.16809
0.167499
0.166819
0.166245
0.165665
0.164997
0.164276
0.163737
0.163016
0.162366
0.161821
0.161264
0.160643
0.160098
0.15963
0.159003
0.158417
0.15779
0.157204
0.15653
0.155833
0.155229
0.154608
0.153987
0.153413
0.152804
0.152101
0.151374
0.150823
0.150231
0.149517
0.148843
0.148187
0.147524
0.146892
0.146288
0.145614
0.14497
0.14439
0.143675
0.143025
0.142386
0.141695
0.141068
0.14047
0.139849
0.139163
0.13846
0.137798
0.137177
0.136515
0.1358
0.135202
0.134587
0.133872
0.133122
0.132542
0.131898
0.131242
0.130609
0.130046
0.129296
0.128552
0.127837
0.127099
0.126425
0.125681
0.124878
0.124169
0.123478
0.12288
0.122166
0.121533
0.120882
0.120238
0.119464
0.118797
0.118029
0.117291
0.116675
0.115978
0.115345
0.114742
0.114004
0.113201
0.112451
0.111636
0.111015
0.1104
0.109638
0.108883
0.10815
0.107529
0.10668
0.105941
0.105244
0.104418
0.103685
0.102953
0.10225
0.101518
0.100838
0.100141
0.0994492
0.098711
0.0978907
0.0971583
0.096379
0.0956114
0.0947618
0.0938712
0.0931974
0.0925294
0.0917677
0.0910353
0.0903498
0.0895178
0.0887971
0.0880237
0.0871506
0.0864124
0.0856214
0.0848714
0.0840921
0.0833949
0.0826273
0.0817953
0.0809281
0.0801723
0.0794106
0.0786489
0.0778579
0.0770024
0.0761938
0.0753677
0.0746118
0.0737798
0.0730884
0.0722388
0.0714947
0.070692
0.0698717
0.0690397
0.0681901
0.0673522
0.0665846
0.0658757
0.064944
0.0641296
0.0633386
0.0625476
0.061739
0.0608953
0.0602039
0.0592254
0.0585399
0.0577782
0.056993
0.0560497
0.0552177
0.0544032
0.0536532
0.0528154
0.0519541
0.0512744
0.0504365
0.0496397
0.0489893
0.0481338
0.0473487
0.0465577
0.0456905
0.0447296
0.0439503
0.0432472
0.0424328
0.0416183
0.0409035
0.0401594
0.0393098
0.0385422
0.0377219
0.0369251
0.0361458
0.0352083
0.034347
0.0335091
0.0327064
0.0318744
0.0311068
0.0302514
0.0293783
0.0286225
0.0278842
0.0268881
0.0261089
0.0253472
0.0245796
0.0238706
0.0232203
0.0224644
0.0219547
0.0212398
0.0206246
0.0199156
0.0193004
0.0186969
0.0180993
0.0175133
0.0169098
0.0164176
0.0159782
0.0154977
0.0151169
0.0146013
0.0140681
0.0135583
0.0131247
0.012656
0.0121931
0.0117185
0.0113963
0.0110857
0.0106873
0.0103533
0.0100252
0.00976153
0.00936896
0.00909357
0.00874202
0.00843148
0.00820882
0.00795688
0.00768735
0.00745298
0.00721861
0.00703697
0.00681432
0.00654479
0.00639245
0.00622253
0.00603504
0.0058241
0.0056952
0.00549013
0.00533193
0.00522646
0.0050624
0.00483975
0.00473428
0.00463468
0.00451163
0.00437101
0.00421867
0.0041132
0.00403117
0.00387883
0.00379094
0.00370305
0.00359759
0.00349212
0.00337493
0.00331634
0.00324017
0.00318158
0.00308783
0.0029765
0.00293549
0.0028476
0.00278901
0.00277143
0.00271284
0.00266596
0.00260737
0.00254878
0.00249019
0.00243159
0.00240816
0.00234956
0.00229683
0.00227925
0.00219722
0.00214449
0.00210347
0.0020859
0.00200973
0.00196871
0.00193356
0.00189254
0.00181637
0.00178122
0.00173434
0.00169919
0.00165817
0.00161716
0.00159372
0.00154099
0.00149411
0.0014531
0.00142966
0.0013945
0.00135935
0.00132419
0.00128904
0.00125388
0.00121873
0.00118357
0.00115427
0.00111912
0.00109568
0.00107224
0.00104295
0.00103123
0.00101365
0.00100193
0.000996074
0.000966778
0.000925763
0.000896467
0.000878889
0.00087303
0.000832015
0.000791
0.000773422
0.000738267
0.000697252
0.000679674
0.000667956
0.000650378
0.0006328
0.000585926
0.00055663
0.00055077
0.000527333
0.000486319
0.000480459
0.000457022
0.000457022
0.000421867
0.000416008
0.000416008
0.00039843
0.000380852
0.000363274
0.000357415
0.000345696
0.0003164
0.000304682
0.000287104
0.000269526
0.000246089
0.000228511
0.000210933
0.000205074
0.000181637
0.000152341
0.000140622
0.000117185
9.37482e-05
9.37482e-05
9.37482e-05
5.85926e-05
4.68741e-05
4.68741e-05
2.92963e-05
2.3437e-05
0
0
0
0
0
0
0
0
0
0
0
0
0
0
0
0
0
0
0
0
0
0
0
0
0
0
0
0
0
0
0
0
0
0
0
0
0
0
0
0
0
0
0
0
0
0
0
0
0
0
0
0
0
0
0
0
0
0
0
0
0
0
0
0
0
0
0
0
0
0
0
0
0
0
0
0
0
0
0
0
0
0
0
0
0
0
0
0
0
0
0
0
0
0
0
0
0
0
0
0
0
0
0
0
0
0
0
0
0
0
0
0
0
0
0
0
0
0
0
0
0
0
0
0
0
0
0
0
0
0
0
0
0
0
0
0
0
0
0
0
0
0
0
0
0
0
0
0
0
0
0
0
0
0
0
0
0
0
0
0
0
0
0
0
0
0
0
0
0
0
0
0
0
0
0
0
0
0
0
0
0
0
0
0
0
0
0
0
0
0
0
0
0
0
0
0
0
0
0
0
0
0
0
0
0
0
0
0
0
0
0
0
0
0
0
0
0
0
0
0
0
0
0
0
0
0
0
0
0
0
0
0
0
0
0
0
0
0
0
0
0
0
0
0
0
0
0
0
0
0
0
0
0
0
0
0
0
0
0
0
0
0
0
0
0
0
0
0
0
0
0
0
0
0
0
0
0
0
0
0
0
0
0
0
0
0
0
0
0
0
0
0
0
0
0
0
0
0
0
0
0
0
0
0
0
0
0
0
0
0
0
0
0
0
0
0
0
0
0
0
0
0
0
0
0
0
0
0
0
0
0
0
0
0
0
0
0
0
0
0
0
0
0
0
0
0
0
0
0
0
0
0
0
0
0
0
0
0
0
0
0
0
0
0
0
0
0
0
0
0
0
0
0
0
0
0
0
0
0
0
0
0
0
0
0
0
0
0
0
0
0
0
0
0
0
0
0
0
0
0
0
0
0
0
0
0
0
0
0
0
0
0
0
0
0
0
0
0
0
0
0
0
0
0
0
0
0
0
0
0
0
0
0
0
0
0
0
0
0
0
0
0
0
0
0
0
0
0
0
0
0
0
0
0
0
0
0
0
0
0
0
0
0
0
0
0
0
0
0
0
0
0
0
0
0
0
0
0
0
0
0
0
0
0
0
0
0
0
0
0
0
0
0
0
0
0
0
0
0
0
0
0
0
0
0
0
0
0
0
0
0
0
0
0
0
0
0
0
0
0
0
0
0
0
0
0
0
0
0
0
0
0
0
0
0
0
0
0
0
0
0
0
0
0
0
0
0
0
0
0
0
0
0
0
0
0
0
0
0
0
0
0
0
0
0
0
0
0
0
0
0
0
0
0
0
0
0
0
0
0
0
0
0
0
0
0
0
0
0
0
0
0
0
0
0
0
0
0
0
0
0
0
0
0
0
0
0
0
0
0
0
0
0
0
0
0
0
0
0
0
0
0
0
0
0
0
0
0
0
0
0
0
0
0
0
0
0
0
0
0
0
0
0
0
0
0
0
0
0
0
0
0
0
0
0
0
0
0
0
0
0
0
0
0
0
0
0
0
0
0
0
0
0
0
0
0
0
0
0
0
0
0
0
0
0
0
0
0
0
0
0
0
0
0
0
0
0
0
0
0
0
0
0
0
0
0
0
0
0
0
0
0
0
0
0
0
0
0
0
0
0
0
0
0
0
0
0
0
0
0
0
0
0
0
0
0
0
0
0
0
0
0
0
0
0
0
0
0
0
0
0
0
0
0
0
0
0
0
0
0
0
0
0
0
0
0
0
0
0
0
0
0
0
0
0
0
0
0
0
0
0
0
0
0
0
0
0
0
0
0
0
0
0
0
0
0
0
0
0
0
0
0
0
0
0
0
0
0
0
0
0
0
0
0
0
0
0
0
0
0
0
0
0
0
0
0
0
0
0
0
0
0
0
0
0
0
0
0
0
0
0
0
0
0
0
0
0
0
0
0
0
0
0
0
0
0
0
0
0
0
0
0
0
0
0
0
0
0
0
0
0
0
0
0
0
0
0
0
0
0
0
0
0
0
0
0
0
0
0
0
0
0
0
0
0
0
0
0
0
0
0
0
0
0
0
0
0
0
0
0
0
0
0
0
0
0
0
0
0
0
0
0
0
0
0
0
0
0
0
0
0
0
0
0
0
0
0
0
0
0
0
0
0
0
0
0
0
0
0
0
0
0
0
0
0
0
0
0
0
0
0
0
0
0
0
0
0
0
0
0
0
0
0
0
0
0
0
0
0
0
0
0
0
0
0
0
0
0
0
0
0
0
0
0
0
0
0
0
0
0
0
0
0
0
0
0
0
0
0
0
0
0
0
0
0
0
0
0
0
0
0
0
0
0
0
0
0
0
0
0
0
0
0
0
0
0
0
0
0
0
0
0
0
0
0
0
0
0
0
0
0
0
0
0
0
0
0
0
0
0
0
0
0
0
0
0
0
0
0
0
0
0
0
0
0
0
0
0
0
0
0
0
0
0
0
0
0
0
0
0
0
0
0
0
0
0
0
0
0
0
0
0
0
0
0
0
0
0
0
0
0
0
0
0
0
0
0
0
0
0
0
0
0
0
0
0
0
0
0
0
0
0
0
0
0
0
0
0
0
0
0
0
0
0
0
0
0
0
0
0
0
0
0
0
0
0
0
0
0
0
0
0
0
0
0
0
0
0
0
0
0
0
0
0
0
0
0
0
0
0
0
0
0
0
0
0
0
0
0
0
0
0
0
0
0
0
0
0
0
0
0
0
0
0
0
0
0
0
0
0
0
0
0
0
0
0
0
0
0
0
0
0
0
0
0
0
0
0
0
0
0
0
0
0
0
0
0
0
0
0
0
0
0
0
0
0
0
0
0
0
0
0
0
0
0
0
0
0
0
0
0
0
0
0
0
0
0
0
0
0
0
0
0
0
0
0
0
0
0
0
0
0
0
0
0
0
0
0
0
0
0
0
0
0
0
0
0
0
0
0
0
0
0
0
0
0
0
0
0
0
0
0
0
0
0
0
0
0
0
0
0
0
0
0
0
0
0
0
0
0
0
0
0
0
0
0
0
0
0
0
0
0
0
0
0
0
0
0
0
0
0
0
0
0
0
0
0
0
0
0
0
0
0
0
0
0
0
0
0
0
0
0
0
0
0
0
0
0
0
0
0
0
0
0
0
0
0
0
0
0
0
0
0
0
0
0
0
0
0
0
0
0
0
0
0
0
0
0
0
0
0
0
0
0
0
0
0
0
0
0
0
0
0
0
0
0
0
0
0
0
0
0
0
0
0
0
0
0
0
0
0
0
0
0
0
0
0
0
0
0
0
0
0
0
0
0
0
0
0
0
0
0
0
0
0
0
0
0
0
0
0
0
0
0
0
0
0
0
0
0
0
0
0
0
0
0
0
0
0
0
0
0
0
0
0
0
0
0
0
0
0
0
0
0
0
0
0
0
0
0
0
0
0
0
0
0
0
0
0
0
0
0
0
0
0
0
0
0
0
0
0
0
0
0
0
0
0
0
0
0
0
0
0
0
0
0
0
0
0
0
0
0
0
0
0
0
0
0
0
0
0
0
0
0
0
0
0
0
0
0
0
0
0
0
0
0
0
0
0
0
0
0
0
0
0
0
0
0
0
0
0
0
0
0
0
0
0
0
0
0
0
0
0
0
0
0
0
0
0
0
0
0
0
0
0
0
0
0
0
0
0
0
0
0
0
0
0
0
0
0
0
0
0
0
0
0
0
0
0
0
0
0
0
0
0
0
0
0
0
0
0
0
0
0
0
0
0
0
0
0
0
0
0
0
0
0
0
0
0
0
0
0
0
0
0
0
0
0
0
0
0
0
0
0
0
0
0
0
0
0
0
0
0
0
0
0
0
0
0
0
0
0
0
0
0
0
0
0
0
0
0
0
0
0
0
0
0
0
0
0
0
0
0
0
0
0
0
0
0
0
0
0
0
0
0
0
0
0
0
0
0
0
0
0
0
0
0
0
0
0
0
0
0
0
0
0
0
0
0
0
0
0
0
0
0
0
0
0
0
0
0
0
0
0
0
0
0
0
0
0
0
0
0
0
0
0
0
0
0
0
0
0
0
0
0
0
0
0
0
0
0
0
0
0
0
0
0
0
0
0
0
0
0
0
0
0
0
0
0
0
0
0
0
0
0
0
0
0
0
0
0
0
0
0
0
0
0
0
0
0
0
0
0
0
0
0
0
0
0
0
0
0
0
0
0
0
0
0
0
0
0
0
0
0
0
0
0
0
0
0
0
0
0
0
0
0
0
0
0
0
0
0
0
0
0
0
0
0
0
0
0
0
0
0
0
0
0
0
0
0
0
0
0
0
0
0
0
0
0
0
0
0
0
0
0
0
0
0
0
0
0
0
0
0
0
0
0
0
0
0
0
0
0
0
0
0
0
0
0
0
0
0
0
0
0
0
0
0
0
0
0
0
0
0
0
0
0
0
0
0
0
0
0
0
0
0
0
0
0
0
0
0
0
0
0
0
0
0
0
0
0
0
0
0
0
0
0
0
0
0
0
0
0
0
0
0
0
0
0
0
0
0
0
0
0
0
0
0
0
0
0
0
0
0
0
0
0
0
0
0
0
0
0
0
0
0
0
0
0
0
0
0
0
0
0
0
0
0
0
0
0
0
0
0
0
0
0
0
0
0
0
0
0
0
0
0
0
0
0
0
0
0
0
0
0
0
0
0
0
0
0
0
0
0
0
0
0
0
0
0
0
0
0
0
0
0
0
0
0
0
0
0
0
0
0
0
0
0
0
0
0
0
0
0
0
0
0
0
0
0
0
0
0
0
0
0
0
0
0
0
0
0
0
0
0
0
0
0
0
0
0
0
0
0
0
0
0
0
0
0
0
0
0
0
0
0
0
0
0
0
0
0
0
0
0
0
0
0
0
0
0
0
0
0
0
0
0
0
0
0
0
0
0
0
0
0
0
0
0
0
0
0
0
0
0
0
0
0
0
0
0
0
0
0
0
0
0
0
0
0
0
0
0
0
0
0
0
0
0
0
0
0
0
0
0
0
0
0
0
0
0
0
0
0
0
0
0
0
0
0
0
0
0
0
0
0
0
0
0
0
0
0
0
0
0
0
0
0
0
0
0
0
0
0
0
0
0
0
0
0
0
0
0
0
0
0
0
0
0
0
0
0
0
0
0
0
0
0
0
0
0
0
0
0
0
0
0
0
0
0
0
0
0
0
0
0
0
0
0
0
0
0
0
0
0
0
0
0
0
0
0
0
0
0
0
0
0
0
0
0
0
0
0
0
0
0
0
0
0
0
0
0
0
0
0
0
0
0
0
0
0
0
0
0
0
0
0
0
0
0
0
0
0
0
0
0
0
0
0
0
0
0
0
0
0
0
0
0
0
0
0
0
0
0
0
0
0
0
0
0
0
0
0
0
0
0
0
0
0
0
0
0
0
0
0
0
0
0
0
0
0
0
0
0
0
0
0
0
0
0
0
0
0
0
0
0
0
0
0
0
0
0
0
0
0
0
0
0
0
0
0
0
0
0
0
0
0
0
0
0
0
0
0
0
0
0
0
0
0
0
0
0
0
0
0
0
0
0
0
0
0
0
0
0
0
0
0
0
0
0
0
0
0
0
0
0
0
0
0
0
0
0
0
0
0
0
0
0
0
0
0
0
0
0
0
0
0
0
0
0
0
0
0
0
0
0
0
0
0
0
0
0
0
0
0
0
0
0
0
0
0
0
0
0
0
0
0
0
0
0
0
0
0
0
0
0
0
0
0
0
0
0
0
0
0
0
0
0
0
0
0
0
0
0
0
0
0
0
0
0
0
0
0
0
0
0
0
0
0
0
0
0
0
0
0
0
0
0
0
0
0
0
0
0
0
0
0
0
0
0
0
0
0
0
0
0
0
0
0
0
0
0
0
0
0
0
0
0
0
0
0
0
0
0
0
0
0
0
0
0
0
0
0
0
0
0
0
0
0
0
0
0
0
0
0
0
0
0
0
0
0
0
0
0
0
0
0
0
0
0
0
0
0
0
0
0
0
0
0
0
0
0
0
0
0
0
0
0
0
0
0
0
0
0
0
0
0
0
0
0
0
0
0
0
0
0
0
0
0
0
0
0
0
0
0
0
0
0
0
0
0
0
0
0
0
0
0
0
0
0
0
0
0
0
0
0
0
0
0
0
0
0
0
0
0
0
0
0
0
0
0
0
0
0
0
0
0
0
0
0
0
0
0
0
0
0
0
0
0
0
0
0
0
0
0
0
0
0
0
0
0
0
0
0
0
0
0
0
0
0
0
0
0
0
0
0
0
0
0
0
0
0
0
0
0
0
0
0
0
0
0
0
0
0
0
0
0
0
0
0
0
0
0
0
0
0
0
0
0
0
0
0
0
0
0
0
0
0
0
0
0
0
0
0
0
0
0
0
0
0
0
0
0
0
0
0
0
0
0
0
0
0
0
0
0
0
0
0
0
0
0
0
0
0
0
0
0
0
0
0
0
0
0
0
0
0
0
0
0
0
0
0
0
0
0
0
0
0
0
0
0
0
0
0
0
0
0
0
0
0
0
0
0
0
0
0
0
0
0
0
0
0
0
0
0
0
0
0
0
0
0
0
0
0
0
0
0
0
0
0
0
0
0
0
0
0
0
0
0
0
0
0
0
0
0
0
0
0
0
0
0
0
0
0
0
0
0
0
0
0
0
0
0
0
0
0
0
0
0
0
0
0
0
0
0
0
0
0
0
0
0
0
0
0
0
0
0
0
0
0
0
0
0
0
0
0
0
0
0
0
0
0
0
0
0
0
0
0
0
0
0
0
0
0
0
0
0
0
0
0
0
0
0
0
0
0
0
0
0
0
0
0
0
0
0
0
0
0
0
0
0
0
0
0
0
0
0
0
0
0
0
0
0
0
0
0
0
0
0
0
0
0
0
0
0
0
0
0
0
0
0
0
0
0
0
0
0
0
0
0
0
0
0
0
0
0
0
0
0
0
0
0
0
0
0
0
0
0
0
0
0
0
0
0
0
0
0
0
0
0
0
0
0
0
0
0
0
0
0
0
0
0
0
0
0
0
0
0
0
0
0
0
0
0
0
0
0
0
0
0
0
0
0
0
0
0
0
0
0
0
0
0
0
0
0
0
0
0
0
0
0
0
0
0
0
0
0
0
0
0
0
0
0
0
0
0
0
0
0
0
0
0
0
0
0
0
0
0
0
0
0
0
0
0
0
0
0
0
0
0
0
0
0
0
0
0
0
0
0
0
0
0
0
0
0
0
0
0
0
0
0
0
0
0
0
0
0
0
0
0
0
0
0
0
0
0
0
0
0
0
0
0
0
0
0
0
0
0
0
0
0
0
0
0
0
0
0
0
0
0
0
0
0
0
0
0
0
0
0
0
0
0
0
0
0
0
0
0
0
0
0
0
0
0
0
0
0
0
0
0
0
0
0
0
0
0
0
0
0
0
0
0
0
0
0
0
0
0
0
0
0
0
0
0
0
0
0
0
0
0
0
0
0
0
0
0
0
0
0
0
0
0
0
0
0
0
0
0
0
0
0
0
0
0
0
0
0
0
0
0
0
0
0
0
0
0
0
0
0
0
0
0
0
0
0
0
0
0
0
0
0
0
0
0
0
0
0
0
0
0
0
0
0
0
0
0
0
0
0
0
0
0
0
0
0
0
0
0
0
0
0
0
0
0
0
0
0
0
0
0
0
0
0
0
0
0
0
0
0
0
0
0
0
0
0
0
0
0
0
0
0
0
0
0
0
0
0
0
0
0
0
0
0
0
0
0
0
0
0
0
0
0
0
0
0
0
0
0
0
0
0
0
0
0
0
0
0
0
0
0
0
0
0
0
0
0
0
0
0
0
0
0
0
0
0
0
0
0
0
0
0
0
0
0
0
0
0
0
0
0
0
0
0
0
0
0
0
0
0
0
0
0
0
0
0
0
0
0
0
0
0
0
0
0
0
0
0
0
0
0
0
0
0
0
0
0
0
0
0
0
0
0
0
0
0
0
0
0
0
0
0
0
0
0
0
0
0
0
0
0
0
0
0
0
0
0
0
0
0
0
0
0
0
0
0
0
0
0
0
0
0
0
0
0
0
0
0
0
0
0
0
0
0
0
0
0
0
0
0
0
0
0
0
0
0
0
0
0
0
0
0
0
0
0
0
0
0
0
0
0
0
0
0
0
0
0
0
0
0
0
0
0
0
0
0
0
0
0
0
0
0
0
0
0
0
0
0
0
0
0
0
0
0
0
0
0
0
0
0
0
0
0
0
0
0
0
0
0
0
0
0
0
0
0
0
0
0
0
0
0
0
0
0
0
0
0
0
0
0
0
0
0
0
0
0
0
0
0
0
0
0
0
0
0
0
0
0
0
0
0
0
0
0
0
0
0
0
0
0
0
0
0
0
0
0
0
0
0
0
0
0
0
0
0
0
0
0
0
0
0
0
0
0
0
0
0
0
0
0
0
0
0
0
0
0
0
0
0
0
0
0
0
0
0
0
0
0
0
0
0
0
0
0
0
0
0
0
0
0
0
0
0
0
0
0
0
0
0
0
0
0
0
0
0
0
0
0
0
0
0
0
0
0
0
0
0
0
0
0
0
0
0
0
0
0
0
0
0
0
0
0
0
0
0
0
0
0
0
0
0
0
0
0
0
0
0
0
0
0
0
0
0
0
0
0
0
0
0
0
0
0
0
0
0
0
0
0
0
0
0
0
0
0
0
0
0
0
0
0
0
0
0
0
0
0
0
0
0
0
0
0
0
0
0
0
0
0
0
0
0
0
0
0
0
0
0
0
0
0
0
0
0
0
0
0
0
0
0
0
0
0
0
0
0
0
0
0
0
0
0
0
0
0
0
0
0
0
0
0
0
0
0
0
0
0
0
0
0
0
0
0
0
0
0
0
0
0
0
0
0
0
0
0
0
0
0
0
0
0
0
0
0
0
0
0
0
0
0
0
0
0
0
0
0
0
0
0
0
0
0
0
0
0
0
0
0
0
0
0
0
0
0
0
0
0
0
0
0
0
0
0
0
0
0
0
0
0
0
0
0
0
0
0
0
0
0
0
0
0
0
0
0
0
0
0
0
0
0
0
0
0
0
0
0
0
0
0
0
0
0
0
0
0
0
0
0
0
0
0
0
0
0
0
0
0
0
0
0
0
0
0
0
0
0
0
0
0
0
0
0
0
0
0
0
0
0
0
0
0
0
0
0
0
0
0
0
0
0
0
0
0
0
0
0
0
0
0
0
0
0
0
0
0
0
0
0
0
0
0
0
0
0
0
0
0
0
0
0
0
0
0
0
0
0
0
0
0
0
0
0
0
0
0
0
0
0
0
0
0
0
0
0
0
0
0
0
0
0
0
0
0
0
0
0
0
0
0
0
0
0
0
0
0
0
0
0
0
0
0
0
0
0
0
0
0
0
0
0
0
0
0
0
0
0
0
0
0
0
0
0
0
0
0
0
0
0
0
0
0
0
0
0
0
0
0
0
0
0
0
0
0
0
0
0
0
0
0
0
0
0
0
0
0
0
0
0
0
0
0
0
0
0
0
0
0
0
0
0
0
0
0
0
0
0
0
0
0
0
0
0
0
0
0
0
0
0
0
0
0
0
0
0
0
0
0
0
0
0
0
0
0
0
0
0
0
0
0
0
0
0
0
0
0
0
0
0
0
0
0
0
0
0
0
0
0
0
0
0
0
0
0
0
0
0
0
0
0
0
0
0
0
0
0
0
0
0
0
0
0
0
0
0
0
0
0
0
0
0
0
0
0
0
0
0
0
0
0
0
0
0
0
0
0
0
0
0
0
0
0
0
0
0
0
0
0
0
0
0
0
0
0
0
0
0
0
0
0
0
0
0
0
0
0
0
0
0
0
0
0
0
0
0
0
0
0
0
0
0
0
0
0
0
0
0
0
0
0
0
0
0
0
0
0
0
0
0
0
0
0
0
0
0
0
0
0
0
0
0
0
0
0
0
0
0
0
0
0
0
0
0
0
0
0
0
0
0
0
0
0
0
0
0
0
0
0
0
0
0
0
0
0
0
0
0
0
0
0
0
0
0
0
0
0
0
0
0
0
0
0
0
0
0
0
0
0
0
0
0
0
0
0
0
0
0
0
0
0
0
0
0
0
0
0
0
0
0
0
0
0
0
0
0
0
0
0
0
0
0
0
0
0
0
0
0
0
0
0
0
0
0
0
0
0
0
0
0
0
0
0
0
0
0
0
0
0
0
0
0
0
0
0
0
0
0
0
0
0
0
0
0
0
0
0
0
0
0
0
0
0
0
0
0
0
0
0
0
0
0
0
0
0
0
0
0
0
0
0
0
0
0
0
0
0
0
0
0
0
0
0
0
0
0
0
0
0
0
0
0
0
0
0
0
0
0
0
0
0
0
0
0
0
0
0
0
0
0
0
0
0
0
0
0
0
0
0
0
0
0
0
0
0
0
0
0
0
0
0
0
0
0
0
0
0
0
0
0
0
0
0
0
0
0
0
0
0
0
0
0
0
0
0
0
0
0
0
0
0
0
0
0
0
0
0
0
0
0
0
0
0
0
0
0
0
0
0
0
0
0
0
0
0
0
0
0
0
0
0
0
0
0
0
0
0
0
0
0
0
0
0
0
0
0
0
0
0
0
0
0
0
0
0
0
0
0
0
0
0
0
0
0
0
0
0
0
0
0
0
0
0
0
0
0
0
0
0
0
0
0
0
0
0
0
0
0
0
0
0
0
0
0
0
0
0
0
0
0
0
0
0
0
0
0
0
0
0
0
0
0
0
0
0
0
0
0
0
0
0
0
0
0
0
0
0
0
0
0
0
0
0
0
0
0
0
0
0
0
0
0
0
0
0
0
0
0
0
0
0
0
0
0
0
0
0
0
0
0
0
0
0
0
0
0
0
0
0
0
0
0
0
0
0
0
0
0
0
0
0
0
0
0
0
0
0
0
0
0
0
0
0
0
0
0
0
0
0
0
0
0
0
0
0
0
0
0
0
0
0
0
0
0
0
0
0
0
0
0
0
0
0
0
0
0
0
0
0
0
0
0
0
0
0
0
0
0
0
0
0
0
0
0
0
0
0
0
0
0
0
0
0
0
0
0
0
0
0
0
0
0
0
0
0
0
0
0
0
0
0
0
0
0
0
0
0
0
0
0
0
0
0
0
0
0
0
0
0
0
0
0
0
0
0
0
0
0
0
0
0
0
0
0
0
0
0
0
0
0
0
0
0
0
0
0
0
0
0
0
0
0
0
0
0
0
0
0
0
0
0
0
0
0
0
0
0
0
0
0
0
0
0
0
0
0
0
0
0
0
0
0
0
0
0
0
0
0
0
0
0
0
0
0
0
0
0
0
0
0
0
0
0
0
0
0
0
0
0
0
0
0
0
0
0
0
0
0
0
0
0
0
0
0
0
0
0
0
0
0
0
0
0
0
0
0
0
0
0
0
0
0
0
0
0
0
0
0
0
0
0
0
0
0
0
0
0
0
0
0
0
0
0
0
0
0
0
0
0
0
0
0
0
0
0
0
0
0
0
0
0
0
0
0
0
0
0
0
0
0
0
0
0
0
0
0
0
0
0
0
0
0
0
0
0
0
0
0
0
0
0
0
0
0
0
0
0
0
0
0
0
0
0
0
0
0
0
0
0
0
0
0
0
0
0
0
0
0
0
0
0
0
0
0
0
0
0
0
0
0
0
0
0
0
0
0
0
0
0
0
0
0
0
0
0
0
0
0
0
0
0
0
0
0
0
0
0
0
0
0
0
0
0
0
0
0
0
0
0
0
0
0
0
0
0
0
0
0
0
0
0
0
0
0
0
0
0
0
0
0
0
0
0
0
0
0
0
0
0
0
0
0
0
0
0
0
0
0
0
0
0
0
0
0
0
0
0
0
0
0
0
0
0
0
0
0
0
0
0
0
0
0
0
0
0
0
0
0
0
0
0
0
0
0
0
0
0
0
0
0
0
0
0
0
0
0
0
0
0
0
0
0
0
0
0
0
0
0
0
0
0
0
0
0
0
0
0
0
0
0
0
0
0
0
0
0
0
0
0
0
0
0
0
0
0
0
0
0
0
0
0
0
0
0
0
0
0
0
0
0
0
0
0
0
0
0
0
0
0
0
0
0
0
0
0
0
0
0
0
0
0
0
0
0
0
0
0
0
0
0
0
0
0
0
0
0
0
0
0
0
0
0
0
0
0
0
0
0
0
0
0
0
0
0
0
0
0
0
0
0
0
0
0
0
0
0
0
0
0
0
0
0
0
0
0
0
0
0
0
0
0
0
0
0
0
0
0
0
0
0
0
0
0
0
0
0
0
0
0
0
0
0
0
0
0
0
0
0
0
0
0
0
0
0
0
0
0
0
0
0
0
0
0
0
0
0
0
0
0
0
0
0
0
0
0
0
0
0
0
0
0
0
0
0
0
0
0
0
0
0
0
0
0
0
0
0
0
0
0
0
0
0
0
0
0
0
0
0
0
0
0
0
0
0
0
0
0
0
0
0
0
0
0
0
0
0
0
0
0
0
0
0
0
0
0
0
0
0
0
0
0
0
0
0
0
0
0
0
0
0
0
0
0
0
0
0
0
0
0
0
0
0
0
0
0
0
0
0
0
0
0
0
0
0
0
0
0
0
0
0
0
0
0
0
0
0
0
0
0
0
0
0
0
0
0
0
0
0
0
0
0
0
0
0
0
0
0
0
0
0
0
0
0
0
0
0
0
0
0
0
0
0
0
0
0
0
0
0
0
0
0
0
0
0
0
0
0
0
0
0
0
0
0
0
0
0
0
0
0
0
0
0
0
0
0
0
0
0
0
0
0
0
0
0
0
0
0
0
0
0
0
0
0
0
0
0
0
0
0
0
0
0
0
0
0
0
0
0
0
0
0
0
0
0
0
0
0
0
0
0
0
0
0
0
0
0
0
0
0
0
0
0
0
0
0
0
0
0
0
0
0
0
0
0
0
0
0
0
0
0
0
0
0
0
0
0
0
0
0
0
0
0
0
0
0
0
0
0
0
0
0
0
0
0
0
0
0
0
0
0
0
0
0
0
0
0
0
0
0
0
0
0
0
0
0
0
0
0
0
0
0
0
0
0
0
0
0
0
0
0
0
0
0
0
0
0
0
0
0
0
0
0
0
0
0
0
0
0
0
0
0
0
0
0
0
0
0
0
0
0
0
0
0
0
0
0
0
0
0
0
0
0
0
0
0
0
0
0
0
0
0
0
0
0
0
0
0
0
0
0
0
0
0
0
0
0
0
0
0
0
0
0
0
0
0
0
0
0
0
0
0
0
0
0
0
0
0
0
0
0
0
0
0
0
0
0
0
0
0
0
0
0
0
0
0
0
0
0
0
0
0
0
0
0
0
0
0
0
0
0
0
0
0
0
0
0
0
0
0
0
0
0
0
0
0
0
0
0
0
0
0
0
0
0
0
0
0
0
0
0
0
0
0
0
0
0
0
0
0
0
0
0
0
0
0
0
0
0
0
0
0
0
0
0
0
0
0
0
0
0
0
0
0
0
0
0
0
0
0
0
0
0
0
0
0
0
0
0
0
0
0
0
0
0
0
0
0
0
0
0
0
0
0
0
0
0
0
0
0
0
0
0
0
0
0
0
0
0
0
0
0
0
0
0
0
0
0
0
0
0
0
0
0
0
0
0
0
0
0
0
0
0
0
0
0
0
0
0
0
0
0
0
0
0
0
0
0
0
0
0
0
0
0
0
0
0
0
0
0
0
0
0
0
0
0
0
0
0
0
0
0
0
0
0
0
0
0
0
0
0
0
0
0
0
0
0
0
0
0
0
0
0
0
0
0
0
0
0
0
0
0
0
0
0
0
0
0
0
0
0
0
0
0
0
0
0
0
0
0
0
0
0
0
0
0
0
0
0
0
0
0
0
0
0
0
0
0
0
0
0
0
0
0
0
0
0
0
0
0
0
0
0
0
0
0
0
0
0
0
0
0
0
0
0
0
0
0
0
0
0
0
0
0
0
0
0
0
0
0
0
0
0
0
0
0
0
0
0
0
0
0
0
0
0
0
0
0
0
0
0
0
0
0
0
0
0
0
0
0
0
0
0
0
0
0
0
0
0
0
0
0
0
0
0
0
0
0
0
0
0
0
0
0
0
0
0
0
0
0
0
0
0
0
0
0
0
0
0
0
0
0
0
0
0
0
0
0
0
0
0
0
0
0
0
0
0
0
0
0
0
0
0
0
0
0
0
0
0
0
0
0
0
0
0
0
0
0
0
0
0
0
0
0
0
0
0
0
0
0
0
0
0
0
0
0
0
0
0
0
0
0
0
0
0
0
0
0
0
0
0
0
0
0
0
0
0
0
0
0
0
0
0
0
0
0
0
0
0
0
0
0
0
0
0
0
0
0
0
0
0
0
0
0
0
0
0
0
0
0
0
0
0
0
0
0
0
0
0
0
0
0
0
0
0
0
0
0
0
0
0
0
0
0
0
0
0
0
0
0
0
0
0
0
0
0
0
0
0
0
0
0
0
0
0
0
0
0
0
0
0
0
0
0
0
0
0
0
0
0
0
0
0
0
0
0
0
0
0
0
0
0
0
0
0
0
0
0
0
0
0
0
0
0
0
0
0
0
0
0
0
0
0
0
0
0
0
0
0
0
0
0
0
0
0
0
0
0
0
0
0
0
0
0
0
0
0
0
0
0
0
0
0
0
0
0
0
0
0
0
0
0
0
0
0
0
0
0
0
0
0
0
0
0
0
0
0
0
0
0
0
0
0
0
0
0
0
0
0
0
0
0
0
0
0
0
0
0
0
0
0
0
0
0
0
0
0
0
0
0
0
0
0
0
0
0
0
0
0
0
0
0
0
0
0
0
0
0
0
0
0
0
0
0
0
0
0
0
0
0
0
0
0
0
0
0
0
0
0
0
0
0
0
0
0
0
0
0
0
0
0
0
0
0
0
0
0
0
0
0
0
0
0
0
0
0
0
0
0
0
0
0
0
0
0
0
0
0
0
0
0
0
0
0
0
0
0
0
0
0
0
0
0
0
0
0
0
0
0
0
0
0
0
0
0
0
0
0
0
0
0
0
0
0
0
0
0
0
0
0
0
0
0
0
0
0
0
0
0
0
0
0
0
0
0
0
0
0
0
0
0
0
0
0
0
0
0
0
0
0
0
0
0
0
0
0
0
0
0
0
0
0
0
0
0
0
0
0
0
0
0
0
0
0
0
0
0
0
0
0
0
0
0
0
0
0
0
0
0
0
0
0
0
0
0
0
0
0
0
0
0
0
0
0
0
0
0
0
0
0
0
0
0
0
0
0
0
0
0
0
0
0
0
0
0
0
0
0
0
0
0
0
0
0
0
0
0
0
0
0
0
0
0
0
0
0
0
0
0
0
0
0
0
0
0
0
0
0
0
0
0
0
0
0
0
0
0
0
0
0
0
0
0
0
0
0
0
0
0
0
0
0
0
0
0
0
0
0
0
0
0
0
0
0
0
0
0
0
0
0
0
0
0
0
0
0
0
0
0
0
0
0
0
0
0
0
0
0
0
0
0
0
0
0
0
0
0
0
0
0
0
0
0
0
0
0
0
0
0
0
0
0
0
0
0
0
0
0
0
0
0
0
0
0
0
0
0
0
0
0
0
0
0
0
0
0
0
0
0
0
0
0
0
0
0
0
0
0
0
0
0
0
0
0
0
0
0
0
0
0
0
0
0
0
0
0
0
0
0
0
0
0
0
0
0
0
0
0
0
0
0
0
0
0
0
0
0
0
0
0
0
0
0
0
0
0
0
0
0
0
0
0
0
0
0
0
0
0
0
0
0
0
0
0
0
0
0
0
0
0
0
0
0
0
0
0
0
0
0
0
0
0
0
0
0
0
0
0
0
0
0
0
0
0
0
0
0
0
0
0
0
0
0
0
0
0
0
0
0
0
0
0
0
0
0
0
0
0
0
0
0
0
0
0
0
0
0
0
0
0
0
0
0
0
0
0
0
0
0
0
0
0
0
0
0
0
0
0
0
0
0
0
0
0
0
0
0
0
0
0
0
0
0
0
0
0
0
0
0
0
0
0
0
0
0
0
0
0
0
0
0
0
0
0
0
0
0
0
0
0
0
0
0
0
0
0
0
0
0
0
0
0
0
0
0
0
0
0
0
0
0
0
0
0
0
0
0
0
0
0
0
0
0
0
0
0
0
0
0
0
0
0
0
0
0
0
0
0
0
0
0
0
0
0
0
0
0
0
0
0
0
0
0
0
0
0
0
0
0
0
0
0
0
0
0
0
0
0
0
0
0
0
0
0
0
0
0
0
0
0
0
0
0
0
0
0
0
0
0
0
0
0
0
0
0
0
0
0
0
0
0
0
0
0
0
0
0
0
0
0
0
0
0
0
0
0
0
0
0
0
0
0
0
0
0
0
0
0
0
0
0
0
0
0
0
0
0
0
0
0
0
0
0
0
0
0
0
0
0
0
0
0
0
0
0
0
0
0
0
0
0
0
0
0
0
0
0
0
0
0
0
0
0
0
0
0
0
0
0
0
0
0
0
0
0
0
0
0
0
0
0
0
0
0
0
0
0
0
0
0
0
0
0
0
0
0
0
0
0
0
0
0
0
0
0
0
0
0
0
0
0
0
0
0
0
0
0
0
0
0
0
0
0
0
0
0
0
0
0
0
0
0
0
0
0
0
0
0
0
0
0
0
0
0
0
0
0
0
0
0
0
0
0
0
0
0
0
0
0
0
0
0
0
0
0
0
0
0
0
0
0
0
0
0
0
0
0
0
0
0
0
0
0
0
0
0
0
0
0
0
0
0
0
0
0
0
0
0
0
0
0
0
0
0
0
0
0
0
0
0
0
0
0
0
0
0
0
0
0
0
0
0
0
0
0
0
0
0
0
0
0
0
0
0
0
0
0
0
0
0
0
0
0
0
0
0
0
0
0
0
0
0
0
0
0
0
0
0
0
0
0
0
0
0
0
0
0
0
0
0
0
0
0
0
0
0
0
0
0
0
0
0
0
0
0
0
0
0
0
0
0
0
0
0
0
0
0
0
0
0
0
0
0
0
0
0
0
0
0
0
0
0
0
0
0
0
0
0
0
0
0
0
0
0
0
0
0
0
0
0
0
0
0
0
0
0
0
0
0
0
0
0
0
0
0
0
0
0
0
0
0
0
0
0
0
0
0
0
0
0
0
0
0
0
0
0
0
0
0
0
0
0
0
0
0
0
0
0
0
0
0
0
0
0
0
0
0
0
0
0
0
0
0
0
0
0
0
0
0
0
0
0
0
0
0
0
0
0
0
0
0
0
0
0
0
0
0
0
0
0
0
0
0
0
0
0
0
0
0
0
0
0
0
0
0
0
0
0
0
0
0
0
0
0
0
0
0
0
0
0
0
0
0
0
0
0
0
0
0
0
0
0
0
0
0
0
0
0
0
0
0
0
0
0
0
0
0
0
0
0
0
0
0
0
0
0
0
0
0
0
0
0
0
0
0
0
0
0
0
0
0
0
0
0
0
0
0
0
0
0
0
0
0
0
0
0
0
0
0
0
0
0
0
0
0
0
0
0
0
0
0
0
0
0
0
0
0
0
0
0
0
0
0
0
0
0
0
0
0
0
0
0
0
0
0
0
0
0
0
0
0
0
0
0
0
0
0
0
0
0
0
0
0
0
0
0
0
0
0
0
0
0
0
0
0
0
0
0
0
0
0
0
0
0
0
0
0
0
0
0
0
0
0
0
0
0
0
0
0
0
0
0
0
0
0
0
0
0
0
0
0
0
0
0
0
0
0
0
0
0
0
0
0
0
0
0
0
0
0
0
0
0
0
0
0
0
0
0
0
0
0
0
0
0
0
0
0
0
0
0
0
0
0
0
0
0
0
0
0
0
0
0
0
0
0
0
0
0
0
0
0
0
0
0
0
0
0
0
0
0
0
0
0
0
0
0
0
0
0
0
0
0
0
0
0
0
0
0
0
0
0
0
0
0
0
0
0
0
0
0
0
0
0
0
0
0
0
0
0
0
0
0
0
0
0
0
0
0
0
0
0
0
0
0
0
0
0
0
0
0
0
0
0
0
0
0
0
0
0
0
0
0
0
0
0
0
0
0
0
0
0
0
0
0
0
0
0
0
0
0
0
0
0
0
0
0
0
0
0
0
0
0
0
0
0
0
0
0
0
0
0
0
0
0
0
0
0
0
0
0
0
0
0
0
0
0
0
0
0
0
0
0
0
0
0
0
0
0
0
0
0
0
0
0
0
0
0
0
0
0
0
0
0
0
0
0
0
0
0
0
0
0
0
0
0
0
0
0
0
0
0
0
0
0
0
0
0
0
0
0
0
0
0
0
0
0
0
0
0
0
0
0
0
0
0
0
0
0
0
0
0
0
0
0
0
0
0
0
0
0
0
0
0
0
0
0
0
0
0
0
0
0
0
0
0
0
0
0
0
0
0
0
0
0
0
0
0
0
0
0
0
0
0
0
0
0
0
0
0
0
0
0
0
0
0
0
0
0
0
0
0
0
0
0
0
0
0
0
0
0
0
0
0
0
0
0
0
0
0
0
0
0
0
0
0
0
0
0
0
0
0
0
0
0
0
0
0
0
0
0
0
0
0
0
0
0
0
0
0
0
0
0
0
0
0
0
0
0
0
0
0
0
0
0
0
0
0
0
0
0
0
0
0
0
0
0
0
0
0
0
0
0
0
0
0
0
0
0
0
0
0
0
0
0
0
0
0
0
0
0
0
0
0
0
0
0
0
0
0
0
0
0
0
0
0
0
0
0
0
0
0
0
0
0
0
0
0
0
0
0
0
0
0
0
0
0
0
0
0
0
0
0
0
0
0
0
0
0
0
0
0
0
0
0
0
0
0
0
0
0
0
0
0
0
0
0
0
0
0
0
0
0
0
0
0
0
0
0
0
0
0
0
0
0
0
0
0
0
0
0
0
0
0
0
0
0
0
0
0
0
0
0
0
0
0
0
0
0
0
0
0
0
0
0
0
0
0
0
0
0
0
0
0
0
0
0
0
0
0
0
0
0
0
0
0
0
0
0
0
0
0
0
0
0
0
0
0
0
0
0
0
0
0
0
0
0
0
0
0
0
0
0
0
0
0
0
0
0
0
0
0
0
0
0
0
0
0
0
0
0
0
0
0
0
0
0
0
0
0
0
0
0
0
0
0
0
0
0
0
0
0
0
0
0
0
0
0
0
0
0
0
0
0
0
0
0
0
0
0
0
0
0
0
0
0
0
0
0
0
0
0
0
0
0
0
0
0
0
0
0
0
0
0
0
0
0
0
0
0
0
0
0
0
0
0
0
0
0
0
0
0
0
0
0
0
0
0
0
0
0
0
0
0
0
0
0
0
0
0
0
0
0
0
0
0
0
0
0
0
0
0
0
0
0
0
0
0
0
0
0
0
0
0
0
0
0
0
0
0
0
0
0
0
0
0
0
0
0
0
0
0
0
0
0
0
0
0
0
0
0
0
0
0
0
0
0
0
0
0
0
0
0
0
0
0
0
0
0
0
0
0
0
0
0
0
0
0
0
0
0
0
0
0
0
0
0
0
0
0
0
0
0
0
0
0
0
0
0
0
0
0
0
0
0
0
0
0
0
0
0
0
0
0
0
0
0
0
0
0
0
0
0
0
0
0
0
0
0
0
0
0
0
0
0
0
0
0
0
0
0
0
0
0
0
0
0
0
0
0
0
0
0
0
0
0
0
0
0
0
0
0
0
0
0
0
0
0
0
0
0
0
0
0
0
0
0
0
0
0
0
0
0
0
0
0
0
0
0
0
0
0
0
0
0
0
0
0
0
0
0
0
0
0
0
0
0
0
0
0
0
0
0
0
0
0
0
0
0
0
0
0
0
0
0
0
0
0
0
0
0
0
0
0
0
0
0
0
0
0
0
0
0
0
0
0
0
0
0
0
0
0
0
0
0
0
0
0
0
0
0
0
0
0
0
0
0
0
0
0
0
0
0
0
0
0
0
0
0
0
0
0
0
0
0
0
0
0
0
0
0
0
0
0
0
0
0
0
0
0
0
0
0
0
0
0
0
0
0
0
0
0
0
0
0
0
0
0
0
0
0
0
0
0
0
0
0
0
0
0
0
0
0
0
0
0
0
0
0
0
0
0
0
0
0
0
0
0
0
0
0
0
0
0
0
0
0
0
0
0
0
0
0
0
0
0
0
0
0
0
0
0
0
0
0
0
0
0
0
0
0
0
0
0
0
0
0
0
0
0
0
0
0
0
0
0
0
0
0
0
0
0
0
0
0
0
0
0
0
0
0
0
0
0
0
0
0
0
0
0
0
0
0
0
0
0
0
0
0
0
0
0
0
0
0
0
0
0
0
0
0
0
0
0
0
0
0
0
0
0
0
0
0
0
0
0
0
0
0
0
0
0
0
0
0
0
0
0
0
0
0
0
0
0
0
0
0
0
0
0
0
0
0
0
0
0
0
0
0
0
0
0
0
0
0
0
0
0
0
0
0
0
0
0
0
0
0
0
0
0
0
0
0
0
0
0
0
0
0
0
0
0
0
0
0
0
0
0
0
0
0
0
0
0
0
0
0
0
0
0
0
0
0
0
0
0
0
0
0
0
0
0
0
0
0
0
0
0
0
0
0
0
0
0
0
0
0
0
0
0
0
0
0
0
0
0
0
0
0
0
0
0
0
0
0
0
0
0
0
0
0
0
0
0
0
0
0
0
0
0
0
0
0
0
0
0
0
0
0
0
0
0
0
0
0
0
0
0
0
0
0
0
0
0
0
0
0
0
0
0
0
0
0
0
0
0
0
0
0
0
0
0
0
0
0
0
0
0
0
0
0
0
0
0
0
0
0
0
0
0
0
0
0
0
0
0
0
0
0
0
0
0
0
0
0
0
0
0
0
0
0
0
0
0
0
0
0
0
0
0
0
0
0
0
0
0
0
0
0
0
0
0
0
0
0
0
0
0
0
0
0
0
0
0
0
0
0
0
0
0
0
0
0
0
0
0
0
0
0
0
0
0
0
0
0
0
0
0
0
0
0
0
0
0
0
0
0
0
0
0
0
0
0
0
0
0
0
0
0
0
0
0
0
0
0
0
0
0
0
0
0
0
0
0
0
0
0
0
0
0
0
0
0
0
0
0
0
0
0
0
0
0
0
0
0
0
0
0
0
0
0
0
0
0
0
0
0
0
0
0
0
0
0
0
0
0
0
0
0
0
0
0
0
0
0
0
0
0
0
0
0
0
0
0
0
0
0
0
0
0
0
0
0
0
0
0
0
0
0
0
0
0
0
0
0
0
0
0
0
0
0
0
0
0
0
0
0
0
0
0
0
0
0
0
0
0
0
0
0
0
0
0
0
0
0
0
0
0
0
0
0
0
0
0
0
0
0
0
0
0
0
0
0
0
0
0
0
0
0
0
0
0
0
0
0
0
0
0
0
0
0
0
0
0
0
0
0
0
0
0
0
0
0
0
0
0
0
0
0
0
0
0
0
0
0
0
0
0
0
0
0
0
0
0
0
0
0
0
0
0
0
0
0
0
0
0
0
0
0
0
0
0
0
0
0
0
0
0
0
0
0
0
0
0
0
0
0
0
0
0
0
0
0
0
0
0
0
0
0
0
0
0
0
0
0
0
0
0
0
0
0
0
0
0
0
0
0
0
0
0
0
0
0
0
0
0
0
0
0
0
0
0
0
0
0
0
0
0
0
0
0
0
0
0
0
0
0
0
0
0
0
0
0
0
0
0
0
0
0
0
0
0
0
0
0
0
0
0
0
0
0
0
0
0
0
0
0
0
0
0
0
0
0
0
0
0
0
0
0
0
0
0
0
0
0
0
0
0
0
0
0
0
0
0
0
0
0
0
0
0
0
0
0
0
0
0
0
0
0
0
0
0
0
0
0
0
0
0
0
0
0
0
0
0
0
0
0
0
0
0
0
0
0
0
0
0
0
0
0
0
0
0
0
0
0
0
0
0
0
0
0
0
0
0
0
0
0
0
0
0
0
0
0
0
0
0
0
0
0
0
0
0
0
0
0
0
0
0
0
0
0
0
0
0
0
0
0
0
0
0
0
0
0
0
0
0
0
0
0
0
0
0
0
0
0
0
0
0
0
0
0
0
0
0
0
0
0
0
0
0
0
0
0
0
0
0
0
0
0
0
0
0
0
0
0
0
0
0
0
0
0
0
0
0
0
0
0
0
0
0
0
0
0
0
0
0
0
0
0
0
0
0
0
0
0
0
0
0
0
0
0
0
0
0
0
0
0
0
0
0
0
0
0
0
0
0
0
0
0
0
0
0
0
0
0
0
0
0
0
0
0
0
0
0
